-0.452633	0.789537
-0.652063	0.94632
-0.732743	0.995887
-0.576775	0.908975
-0.577804	0.986531
-0.693741	0.785924
-0.757996	0.939614
-0.553407	0.701644
-0.58663	0.823777
-0.669415	1.01961
-0.514463	1.03044
-0.552084	0.89962
-0.618228	1.05442
-0.714427	1.06819
-0.648586	0.819464
-1.90855	1.8781
-1.98764	2.08743
-1.95052	1.64793
-2.14695	2.4854
-2.11743	2.33394
-1.9554	2.00911
-1.9353	2.04233
-1.84569	1.87356
-1.94347	2.24105
-1.94014	2.2276
-1.83731	1.95469
-1.90718	2.22322
-1.81905	2.15013
-1.83634	2.21613
-1.92111	2.42435
-1.9854	2.6025
-1.94577	2.58273
-1.96607	2.6427
-1.87628	2.48354
-1.92741	2.6449
-1.8775	2.52969
-1.4348	1.49279
-1.54092	1.79157
-1.37779	1.66072
-1.2585	1.59163
-1.21596	1.5261
-1.41018	1.92593
-1.38354	1.93675
-1.13344	1.41954
-1.24911	1.54518
-1.17445	1.26215
-1.0427	0.940332
-0.789807	0.498549
-0.513904	0.653199
-0.753313	1.00571
-0.551285	0.696581
-0.0393328	0.244066
0.0909449	0.181267
0.0487111	0.178698
-0.116708	0.230102
-0.199994	0.260818
-0.418322	0.447562
-0.861091	0.999884
-1.20117	1.03223
-1.35766	0.912788
-1.50813	1.22989
-1.66992	1.67919
-1.6643	1.71115
-1.76429	1.96027
-1.74886	2.0104
-1.73442	2.09941
-1.72684	2.10836
-1.56621	1.81817
-1.6052	1.77478
-1.57048	1.7105
-1.40774	1.34486
-1.30565	1.16495
-1.23102	1.07147
-1.09766	0.907832
-0.95439	0.754059
-0.769552	0.316221
-0.623728	0.0116148
-0.241368	-0.370485
-0.310435	-0.40077
-0.33073	-0.152293
-0.40313	0.029467
-0.386066	-0.0590518
-0.725488	0.113684
-0.906821	0.315356
-0.890657	0.263585
-0.870653	0.438845
-1.01475	0.809122
-1.23133	1.24773
-1.45514	1.51712
-1.77138	1.87431
-1.84795	1.74864
-2.00048	1.92182
-2.01379	1.96926
-1.89132	1.47508
-1.08713	0.176151
-0.951975	0.177851
-0.728468	0.191961
0.311961	0.245655
-0.0271868	0.172896
0.352851	0.011432
0.306287	0.0532832
-0.448526	0.46772
-0.469891	0.560559
-0.762807	0.837405
-0.943164	0.808909
-1.89589	2.22568
-2.11766	2.65338
-1.8852	2.22558
-0.560789	0.53285
-0.857252	0.811427
-1.57796	1.69099
-1.85902	2.28417
-1.85764	2.13391
-1.96545	2.07183
-1.71664	1.43764
-1.31934	0.842994
-1.2392	0.917912
-0.619468	0.547672
-0.151667	0.25162
-0.00458794	-0.0467881
0.452669	0.0544848
0.867997	0.312873
0.960251	0.702605
1.42145	0.9403
1.04964	0.921094
0.702025	0.723365
0.658096	0.885186
0.0729934	0.585052
0.0046235	0.610801
-0.431247	0.789712
-0.630054	0.972981
-0.338015	0.800516
-0.610516	0.975619
-0.612432	0.82866
-0.7353	0.843727
-0.695103	0.653359
-0.594908	0.364057
-0.987545	0.862858
-1.20179	1.33275
-1.14016	1.3809
-1.27347	1.30032
-1.42587	1.08598
-0.149124	0.391684
-0.680716	0.60824
-1.1276	1.14406
-1.0577	0.949869
-1.13292	1.12949
-1.20861	1.2788
-1.29083	1.4456
-1.27283	1.40783
-1.01649	0.88015
-1.06047	0.918848
-1.45675	1.38401
-1.5366	1.41968
-1.73048	1.86927
-1.8525	1.9918
-1.92123	1.97033
-1.9276	2.03793
-2.04386	2.12386
-2.04896	1.93247
-1.87552	1.55074
-1.79953	1.57542
-1.64555	1.36101
-1.67662	1.39544
-1.64922	1.50045
-1.62721	1.65897
-1.46022	1.08556
-0.89456	0.693504
-0.240986	0.549358
-0.931303	0.858944
-1.10511	1.01282
-1.2674	1.41097
-1.18863	1.20891
-1.21994	1.31695
-1.62985	1.44003
-1.86341	1.66547
-1.81248	1.66859
-1.8161	1.83338
-1.94908	2.00738
-1.51126	1.32236
-1.91655	1.89562
-2.16457	2.94686
-1.65644	1.80815
-1.38378	1.47687
-1.59037	1.71314
-2.17443	2.48764
-1.93515	2.03732
-1.91615	1.88487
-1.76616	1.90068
-1.57292	1.4775
-1.56916	1.52799
-1.32718	1.14414
-1.3517	1.30139
-1.18488	1.2399
-1.05954	1.16117
-0.798883	1.1185
-0.67816	0.99703
-0.508624	0.969257
-0.555351	1.08691
-0.722114	0.949341
-0.617895	1.13918
-0.439123	0.874392
-0.560719	0.917766
-0.606696	0.948537
-0.450594	0.956399
-0.676215	0.628053
0.191544	0.567383
-0.0349025	0.718388
-0.659329	1.02865
-0.48536	1.1283
-0.680114	1.02913
-0.647722	0.706497
-0.722941	0.884986
-0.648011	0.996341
-0.469808	1.02706
-0.263786	0.845826
-0.530445	0.850648
-0.33849	0.830494
-0.258326	0.421828
-1.27923	1.29325
-1.18332	1.04132
-1.10002	0.686377
-0.745546	0.186944
-0.989341	0.50327
-1.3287	1.12609
-1.33033	1.22302
-1.34137	1.27418
-1.29733	1.32049
-1.39366	1.52374
-1.25651	1.27856
-1.21992	1.25019
-1.2636	1.33908
-1.22331	1.33773
-1.14359	1.17374
-1.14867	1.11388
-1.15928	1.24533
-1.15072	1.28602
-1.06423	1.15287
-1.03312	1.09993
-0.83202	0.869958
-0.503895	0.520463
-0.429737	0.51475
-0.347016	0.508115
-0.355644	0.615627
-0.415998	0.661453
-0.619942	0.654486
-0.830789	0.607038
-1.05245	0.572332
-1.16966	0.47411
-1.2067	0.468844
-1.23129	0.532467
-1.50312	1.18611
-2.13446	2.71847
-2.31086	3.06535
-1.59276	1.30582
-1.39836	1.67815
-1.85755	2.11618
-2.10994	2.71614
-1.50063	1.41411
-1.69078	1.92025
-1.79703	2.3468
-1.47458	1.82686
-1.25162	1.47307
-1.13674	1.33338
-0.949314	1.1287
-1.01201	1.25568
-0.899661	1.03159
-0.912501	1.039
-1.00542	1.1331
-1.04736	1.17648
-1.16314	1.28301
-1.33317	1.57133
-1.50803	1.90843
-1.44083	1.61925
-1.4037	1.52884
-1.36337	1.5045
-1.34645	1.52967
-1.58697	2.13814
-1.64893	2.1974
-1.65723	2.12209
-1.69136	2.29702
-1.77157	2.5128
-1.65026	2.25749
-1.7346	2.4352
-1.46579	1.55372
-1.1767	1.18366
-1.18968	1.28855
-1.34924	1.61824
-1.55912	2.0909
-1.50848	2.03822
-1.73046	2.34517
-1.80618	2.38307
-1.83448	2.35426
-1.80539	1.94675
-1.91509	1.96976
-1.83186	2.05316
-1.86231	2.05954
-1.43957	1.14145
-1.05993	0.953805
-1.09599	1.00373
-0.96951	1.00892
-0.481776	0.946546
-0.330612	0.883158
-0.244243	0.404254
-1.62119	2.15534
-1.41115	1.70279
-1.75503	2.04296
-2.22264	3.42963
-2.26247	2.73964
-1.77069	1.66243
-1.55347	1.30273
-1.60251	1.37268
-1.1351	1.01164
-0.72721	1.13307
-1.02011	0.898933
-1.34622	1.14198
-1.65761	1.37247
-1.18583	0.724092
-1.14045	0.602448
-1.19145	0.612786
-1.37025	0.828804
-1.38416	0.837125
-1.47705	1.08537
-1.32901	0.969676
-1.21837	0.885457
-0.661299	0.931856
-0.708474	0.931067
-0.783016	0.796684
-1.1824	1.16586
-1.62631	1.64812
-1.53876	1.24929
-1.68498	1.84651
-1.36364	0.870169
-1.22718	0.600411
-0.214486	-0.267254
0.421665	-0.224972
0.619824	0.140502
0.851105	0.416031
1.15051	0.85302
1.09638	0.704665
1.08879	0.94815
0.84651	0.895568
0.734832	0.784269
0.406873	0.376181
-1.01263	0.69426
-0.806056	0.463418
-0.816891	0.745594
-1.10745	0.766506
-0.925427	0.706898
-1.14032	0.471351
-0.338949	-0.327477
0.214232	-0.426215
0.465026	0.161557
0.0933053	0.233875
-0.156044	0.429523
-0.439142	0.712583
-0.273551	0.520243
-0.227004	0.421317
-0.266213	0.45209
-0.937268	0.983524
-0.601305	0.834753
-0.805504	0.881396
-1.913	2.20348
-2.22329	2.97064
-2.41452	3.50921
-2.2728	3.39951
-1.7481	2.42223
-1.83437	2.46584
-1.88343	2.35032
-1.63942	1.69486
-1.32899	1.00297
-1.06678	0.43619
-0.90179	0.261313
-0.803377	0.348959
-1.38552	1.25378
-1.83726	1.96983
-2.07366	2.63289
-1.91087	2.16955
-1.76563	1.80628
-1.76582	1.78162
-1.74652	1.57462
-1.58747	1.15057
-1.4533	1.19368
-1.33866	1.0044
-1.14554	0.899656
-0.965544	1.15254
-0.973618	1.24108
-0.716105	1.17037
-1.19365	1.10588
-1.90811	1.8453
-1.90005	2.07338
-1.9946	2.27055
-2.20258	2.8541
-2.26659	2.8642
-1.9326	2.08429
-1.44033	1.18774
-1.49172	1.17647
-1.26991	0.44104
-0.999173	0.207197
-1.18393	0.882018
-0.998807	1.06414
-1.02481	1.19029
-1.11133	1.15688
-0.948341	1.0189
-1.23334	1.50265
-1.11262	0.865303
-1.59256	1.72318
-1.82911	2.19996
-1.97873	2.72162
-1.7583	2.28353
-1.77485	2.41934
-1.6147	2.05196
-1.6511	2.11752
-1.70155	2.21577
-1.83819	2.44414
-1.93964	2.57222
-1.72864	2.24191
-1.73956	2.20551
-1.76176	2.03882
-1.89178	2.12257
-1.89876	1.84104
-1.99994	2.05763
-1.89822	1.79194
-1.76236	1.61181
-1.57022	1.13486
-1.4894	1.13318
-1.3356	1.14605
-1.31338	0.956802
-1.30814	0.921882
-1.32939	0.980937
-0.407122	0.874336
-0.441811	0.992597
-0.611942	1.07632
-0.552975	0.936847
-0.389885	0.883176
-0.533802	0.887556
-0.47184	0.895559
-0.651631	0.933482
-0.783565	0.846227
-0.763321	0.948653
-0.472882	0.742124
-0.369018	0.352526
-0.698311	0.530994
-1.00494	0.978726
-1.05816	0.874454
-1.14128	0.863551
-0.990572	0.476707
-0.481732	-0.0413375
-0.138741	-0.260549
-0.114472	-0.0344305
0.250715	0.163228
0.340074	0.252544
0.448943	0.419874
0.362082	0.777334
0.288522	0.586771
0.230548	0.448029
-0.0598818	0.595454
0.00812253	0.429919
-0.0126799	0.727908
-0.0661674	0.634206
-0.253743	0.645808
-1.15029	0.732947
-1.87578	1.92253
-1.83134	1.93838
-1.83725	1.96121
-1.86435	1.96043
-1.93284	1.94353
-1.89114	1.68838
-0.721051	-0.0448305
-0.0403905	-0.305078
0.248103	0.172622
0.622303	0.36069
0.670561	0.110563
0.586204	0.449975
0.0561841	0.207127
-0.915427	0.270774
-1.12261	0.757162
-1.25751	1.23982
-0.992795	0.766235
-1.34671	1.31342
-1.63696	2.14431
-1.65873	2.14886
-1.7794	2.25124
-1.74807	2.04432
-1.73144	1.75176
-1.78867	1.71166
-1.82037	1.8298
-1.76372	1.98405
-1.91646	2.31087
-1.8476	2.09949
-1.73854	1.74074
-1.80389	1.79276
-1.73962	1.47634
-1.70588	1.2066
-1.92593	1.69177
-1.43314	1.14617
-1.16352	0.646319
-1.36611	1.17541
-1.43182	0.843974
-1.79269	1.58888
-2.20439	2.49817
-2.26279	2.67895
-2.19735	2.5045
-2.03739	2.03485
-1.97783	1.82577
-1.9916	1.79076
-2.13747	2.13908
-1.87532	1.51695
-1.62518	1.2699
-0.725636	0.610273
-0.337993	0.751882
-0.0420418	0.92729
0.0746761	1.01608
0.206842	1.03212
0.0998237	1.07919
0.192658	1.06621
-0.321169	0.86856
-0.385589	1.13711
-0.680043	0.880982
-0.753724	0.719986
-0.794824	0.709191
-0.841548	0.848582
-0.808645	0.811057
-1.03796	0.974705
-1.29294	1.13436
-1.49595	1.21962
-1.65305	1.16493
-1.95621	1.72356
-1.91031	1.56286
-2.10839	1.83836
-1.98516	1.68703
-1.85122	1.3672
-1.79217	1.39647
-1.73948	1.52252
-1.67322	1.73997
-1.67326	2.00446
-1.45582	1.16476
-0.969269	0.827805
-0.228446	0.594019
-0.685119	0.654091
-1.82247	2.16311
-1.70917	2.0236
-1.74284	2.13149
-1.50817	1.91968
-1.73077	2.43565
-1.534	2.14671
-1.42463	1.94306
-1.25241	1.64754
-1.11171	1.41309
-0.790159	0.901702
-0.397365	0.398826
-0.120764	0.188535
0.0314915	0.121838
-0.0563323	0.21866
-0.415542	0.400708
-0.822037	0.72146
-0.939786	0.869048
-0.941945	0.703721
-1.03359	0.71458
-1.19674	0.918951
-1.14126	0.841895
-1.16317	0.820011
-1.19166	1.03598
-1.06187	0.759047
-0.609696	0.132671
-0.0474657	0.199483
0.491209	0.36559
0.760929	0.539825
0.737049	0.420947
0.902973	0.511945
0.94624	0.65145
1.01023	0.66106
0.970156	0.683311
0.710081	0.32488
0.207654	0.137509
-0.267947	0.315791
-0.906597	0.77045
-1.6876	1.82968
-1.83747	2.088
-1.77082	2.04335
-1.5759	1.88855
-1.59678	1.84917
-1.75457	2.26003
-1.97386	2.47272
-2.05437	2.96208
-2.17592	3.01077
-2.23463	3.19303
-2.46629	3.564
-2.22234	2.7514
-2.19434	2.57134
-2.03299	2.136
-2.01043	1.98974
-1.5983	1.1455
-1.33506	0.741043
-1.43047	1.00482
-1.32144	1.08169
-1.23325	1.35609
-0.966814	1.08241
-0.715304	0.953971
-0.772379	1.05832
-0.718055	0.918182
-0.605281	0.990113
-0.500861	1.0888
-0.731917	1.04778
-0.520601	1.08559
-0.709531	0.747467
-0.753055	1.02563
-0.592025	0.980817
-0.431703	0.978581
-0.717789	1.15698
-0.616974	1.04372
-0.591307	0.804723
-0.708324	0.946439
-1.06184	1.31138
-1.37425	1.22971
-1.72175	1.40844
-1.57799	1.15291
-1.54342	1.16487
-1.69492	1.56752
-1.71457	1.43303
-1.32459	0.7808
-0.940429	0.775256
-0.998367	0.960332
-0.839539	0.667372
-0.840981	0.612744
-0.853262	0.636369
-0.781615	0.400766
-0.754237	0.0849074
-0.495271	0.0534698
-0.419537	0.253809
-0.0507394	0.309088
0.210877	0.397487
0.439419	0.54096
0.668073	0.665564
0.37531	0.356504
0.539658	0.45498
0.537346	0.532993
0.50256	0.699963
0.118392	0.371986
-0.553004	0.488854
-1.25989	1.36341
-1.56717	1.89178
-1.54377	1.87489
-1.67672	2.32391
-1.57764	2.17089
-1.48411	1.97791
-1.53878	2.0861
-1.49703	1.90842
-1.61754	1.99328
-1.94348	2.44924
-2.00272	2.56206
-2.03928	2.50677
-2.07271	2.71288
-2.07226	2.67722
-1.92729	2.22978
-2.04843	2.57695
-1.9918	2.41471
-2.08087	2.53775
-1.97263	2.30423
-1.16722	0.539111
-0.261134	-0.192621
-0.733333	0.0536327
-0.0227321	0.320942
0.135634	0.174325
-0.262419	0.229102
-0.456458	0.308392
-0.396913	0.193015
-0.175417	0.0287855
0.0846551	-0.122509
-0.263647	-0.045406
-0.95244	0.814966
-1.18166	1.47919
-1.39798	1.81108
-1.54045	2.07461
-1.67147	2.28614
-1.87483	2.6236
-1.91681	2.45122
-2.0002	2.38064
-1.86729	1.85797
-1.13562	0.717949
-0.247108	0.477827
0.239159	0.787046
0.297835	1.07932
0.0766049	1.02482
0.36418	0.790142
0.567124	0.736739
0.304025	0.799546
-1.08634	0.920593
-0.490224	0.557094
-0.0521238	0.307364
0.041801	0.253529
-0.0895612	0.319244
-0.485878	0.405707
-1.19151	0.638726
-1.0941	0.653738
-0.94316	0.825657
-0.635989	0.800363
-0.432037	0.798671
-0.728186	0.892257
-0.790535	0.887038
-1.39665	1.6215
-1.66831	1.90898
-1.92926	2.40543
-1.99777	2.4883
-1.91311	2.09528
-2.20543	3.13403
-2.0753	2.88341
-1.93437	2.53212
-1.94968	2.59608
-2.00762	2.65762
-1.94367	2.52231
-1.92445	2.4366
-1.89764	2.38392
-1.8265	2.05234
-1.90224	2.09166
-2.04056	2.25551
-1.78511	1.52196
-1.91943	1.88332
-1.78534	1.47505
-1.87372	1.88539
-1.92638	2.1227
-1.71046	1.81398
-1.73444	1.85961
-1.59387	1.41343
-1.5881	1.16954
-1.63167	1.2971
-1.61259	1.29664
-1.49213	1.18804
-1.5707	1.37327
-1.1946	0.845899
-1.37826	1.13398
-1.00335	0.85313
0.398113	1.45912
0.330876	1.36341
-0.00850838	0.407995
-0.0581657	0.0757427
-0.270365	0.225383
-0.759391	0.22379
-0.513658	0.548219
-0.847723	0.860781
-1.49274	1.96239
-1.34142	1.67618
-1.18186	1.45883
-0.889483	0.897944
-0.788345	0.541669
-1.08935	0.848207
-0.970825	0.829093
-0.972064	0.909959
-0.928987	0.966104
-0.994548	1.0251
-0.916598	1.10585
-1.01281	1.02988
-0.84643	0.854241
-0.388482	0.908449
-0.612978	0.863082
-0.672256	0.75811
-1.53318	1.62617
-1.63767	1.64673
-1.78807	2.17582
-1.86195	2.48744
-2.10667	2.96144
-2.13054	2.59563
-1.79873	1.61853
-1.049	0.41534
-0.265116	0.163635
-0.0507953	0.105781
0.0203842	0.372402
0.162121	0.330807
-0.0402991	0.353874
-0.128629	0.550026
-0.435265	0.656993
0.0375722	0.495422
0.105032	0.275012
0.304352	0.408198
0.538866	0.239536
0.568438	0.320904
0.40172	0.289651
-0.202469	0.130584
-1.53229	1.7301
-1.62513	1.96947
-0.965052	1.19798
-1.32234	1.43303
-2.1068	2.47233
-2.23614	2.90117
-2.33413	2.8107
-2.08411	2.07354
-1.91679	1.55331
-2.00744	1.54369
-1.98147	1.42636
-2.03718	1.80867
-2.07846	1.98532
-1.94018	1.7335
-1.90014	1.74824
-1.88108	1.83004
-1.72821	1.65365
-1.5876	1.50509
-1.77757	1.95935
-1.86996	2.26149
-1.99164	2.3297
-2.03104	2.486
-2.05549	2.61014
-2.08424	2.68991
-2.03669	2.52121
-2.09804	2.67517
-2.07035	2.66016
-2.05052	2.65812
-1.99685	2.46354
-1.77858	1.86486
-1.42346	1.35391
-1.12545	1.1132
-0.83382	0.732593
-1.02584	0.727003
-1.03116	0.853515
-0.9277	1.09218
-1.00428	1.12285
-0.444385	0.650816
-0.276861	0.634426
-0.390078	0.77571
0.104637	0.632497
0.436349	0.475383
0.554937	0.393935
0.0992276	0.35127
0.283384	0.421774
0.175464	0.0512999
0.262347	0.357452
0.581975	0.368958
0.606309	0.358671
0.115327	0.0548902
0.038012	-0.013876
0.184438	-0.131351
0.148638	0.134605
0.235131	0.269368
-0.132047	0.236857
-0.480468	0.531196
-0.537266	0.751421
-0.390183	0.791172
-0.490112	0.807827
-0.673805	0.996619
-0.584383	0.754244
-0.355253	0.661643
-0.632312	0.909325
-0.715538	1.05356
-0.470631	0.825222
-0.703762	0.960545
-0.648178	0.966482
-0.657249	0.566288
-0.586226	0.89787
-0.502807	0.799912
-0.532726	0.980845
-0.550677	0.988014
-0.598436	0.998292
-0.554438	0.857464
-0.622705	0.867709
-0.659141	1.03858
-0.46078	1.1151
-0.687504	0.987903
-1.02007	0.867805
-1.61889	1.23376
-1.65807	1.30703
-1.62196	1.36273
-0.749887	0.0918451
-0.767818	0.296222
-1.4978	1.25403
-1.4114	1.04828
-1.37332	0.876206
-1.24446	0.499746
-1.3034	0.595534
-1.21138	0.35423
-1.30384	0.505133
-1.20809	0.521106
-0.978058	0.298159
-0.577386	0.192927
-0.36229	0.177873
-0.00379292	0.207673
-0.0842948	0.163562
0.136775	0.0695331
0.0291501	0.0514118
0.0648574	0.166444
-0.213036	0.110931
-1.08615	0.473621
-1.60695	1.14673
-1.81348	1.56703
-1.73773	1.40415
-1.77511	1.6389
-1.80974	1.87974
-1.90033	2.31294
-2.07033	2.75497
-1.92914	2.28468
-2.22494	2.96206
-2.0482	2.34904
-2.06804	2.44543
-1.98351	2.15397
-1.72949	1.72675
-2.05419	2.1443
-2.02125	1.99044
-1.93849	1.6697
-1.44859	0.47186
-0.516992	-0.477747
0.0749564	-0.508514
0.175763	-0.321735
-0.157046	-0.397879
-0.651895	-0.174557
-1.17569	0.344697
-1.33237	0.695436
-1.34326	0.656959
-1.54952	1.06411
-1.598	1.1117
-1.5634	1.0785
-1.62005	1.23207
-1.49508	0.977885
-1.17908	0.502673
-0.701171	0.17274
0.0251184	-0.0186514
0.278508	0.146451
0.490678	0.0645414
0.562517	0.135347
0.888941	0.757449
0.813773	0.433185
0.497794	0.421455
0.260529	0.306731
0.188367	0.411984
0.0560538	0.650857
-0.447355	0.689871
-0.500311	0.619877
-0.308941	0.408513
-1.04403	0.796499
-0.822428	0.746551
-1.48072	1.81134
-1.17144	1.46332
-0.871084	1.05136
-0.886993	1.07365
-1.3292	1.63786
-1.24648	1.3039
-1.0243	0.836937
-0.963602	0.667413
-1.00057	0.649176
-1.07524	0.588537
-1.15587	0.617303
-1.23811	0.769462
-0.937199	0.395977
-0.876759	0.275774
-0.679667	0.00463187
-0.494852	-0.161163
-0.384849	-0.155884
-0.853843	0.388288
-1.09355	0.913333
-0.943045	0.717382
-1.33841	1.13909
-1.5522	1.33091
-1.93062	1.96031
-1.90214	1.79762
-1.87547	1.78518
-1.96764	1.92367
-2.09703	2.211
-2.28288	2.80121
-2.42365	3.16138
-2.15635	2.50453
-2.58472	3.42701
-2.36421	2.53414
-2.15235	1.91569
-2.13193	1.94357
-1.97009	1.5424
-1.90274	1.46296
-1.95494	1.56608
-1.90574	1.50695
-2.12204	1.96963
-2.1389	2.04631
-1.97696	1.93478
-2.09407	2.4932
-1.99469	2.45742
-2.12522	2.99535
-1.8679	2.50602
-1.64182	2.11803
-1.94238	2.79568
-2.05014	2.51233
-2.00535	2.12932
-2.12302	2.23285
-1.72168	1.4355
-1.6205	1.173
-1.76296	1.72078
-1.73281	1.97884
-1.68247	2.12074
-1.72491	2.27234
-1.772	2.47974
-1.83233	2.62084
-1.54806	1.70866
-1.91754	2.34521
-1.79295	1.99017
-2.05006	2.38281
-2.17808	2.88935
-1.99036	2.62438
-1.82849	2.17106
-1.72049	1.93616
-1.58486	1.68849
-1.49753	1.76297
-1.29888	1.21737
-0.464603	0.653219
-0.647911	0.795913
-0.918564	1.14665
-0.828517	1.14146
-0.76141	1.28161
-0.808109	1.10716
-0.873521	1.339
-0.496086	0.944908
-0.480705	0.991861
-0.485211	1.176
-0.530528	0.804543
-0.772062	1.19654
-0.861703	1.48472
-0.576363	1.18478
-0.619173	0.915453
-0.663142	1.20085
-0.502826	0.83429
-0.877292	1.2958
-0.590801	1.02444
-0.549484	0.899966
-0.463277	1.09172
-0.485321	1.05891
-0.550339	1.08691
-0.575536	1.09954
-0.485632	0.896271
-0.51875	1.06114
-0.720018	0.832366
0.129077	1.0761
-0.00622533	0.834621
-0.253503	0.416553
-0.683756	0.492842
-1.80437	1.57672
-1.72911	1.18751
-1.477	0.676395
-1.73267	1.2133
-1.87951	1.55778
-1.85902	1.57884
-1.76536	1.37344
-1.88667	1.70065
-1.75487	1.41805
-1.62437	1.28573
-1.73329	2.02008
-1.65452	1.95458
-1.65116	2.01488
-1.67953	2.05188
-1.67506	2.00534
-1.70564	2.08066
-1.73762	2.1248
-1.72202	2.02552
-1.32511	1.13234
-1.44413	1.40006
-1.25503	1.17156
-0.956434	0.887575
-0.675242	0.546379
-1.11184	1.24116
-1.27673	1.55863
-1.16408	1.39672
-1.19938	1.40718
-1.37506	1.64584
-1.42235	1.70793
-1.53641	1.90758
-1.40733	1.59276
-1.41903	1.53754
-1.34625	1.24857
-1.45178	1.24582
-1.55115	1.23363
-1.918	2.04375
-1.66691	1.3942
-1.67042	1.51687
-1.37681	1.42687
-1.0702	1.07373
-1.13708	1.1019
-1.0464	1.1533
-0.999866	1.10219
-0.81012	0.988146
-0.679933	0.984018
-0.90809	0.699297
-1.50853	1.49297
-1.8322	2.15347
-1.56419	2.11181
-1.37323	1.31138
-1.6633	1.97322
-1.46114	1.5925
-1.62819	1.84259
-1.77472	2.25761
-1.75353	2.17507
-1.74935	2.38901
-1.62502	2.17362
-2.29493	3.55912
-2.1247	2.84275
-2.10931	2.66972
-2.05564	2.51197
-1.98551	2.38436
-1.81471	1.87029
-2.02915	2.27738
-1.5627	1.49526
-1.23288	1.16291
-1.242	1.18922
-1.16406	1.10558
-0.904029	0.970993
-0.877349	1.0228
-0.476553	0.851352
-0.429075	0.624458
-0.343323	0.372675
0.1416	0.585718
0.0172048	0.646628
-0.251754	0.348335
-0.357712	0.240789
-0.294512	0.176717
-0.729803	0.234989
-0.760031	0.440896
-0.825083	0.618286
-1.04994	1.10094
-0.831348	0.792682
-0.693733	0.61133
-0.77248	0.638052
-0.830954	0.658818
-1.14469	1.00756
-1.42307	1.51251
-1.77422	2.1305
-1.71807	1.85381
-1.84647	2.04691
-1.70448	1.76022
-1.84415	2.02122
-1.73252	1.58027
-1.64636	1.48966
-0.912636	0.572215
-0.401865	0.365828
-0.0052483	0.455995
0.151639	0.449469
0.233258	0.516768
0.437891	0.366144
0.518762	0.504134
0.449796	0.556158
0.169928	0.195806
0.00173229	0.471141
-0.691237	0.886529
-1.14881	1.13683
-1.53259	1.65051
-1.38756	1.33573
-1.22769	1.11724
-1.37226	1.28581
-1.44916	1.51441
-1.61603	1.67079
-1.54332	1.65312
-0.668348	0.25462
-0.552216	-0.201396
-0.855224	0.123991
-1.57053	0.967363
-1.71189	1.26343
-1.37332	1.24841
-1.18987	1.16886
-1.02185	1.02162
-0.742066	0.788827
-0.892324	1.03408
-0.767999	1.00585
-0.726675	1.02232
-0.728403	1.14422
-0.804507	1.2002
-0.765807	1.25073
-1.02416	1.3559
-1.40857	1.54802
-1.5896	1.44521
-1.61758	1.52233
-1.80176	2.01497
-1.88058	2.33653
-1.84458	2.22104
-1.85988	2.22464
-1.80409	2.02248
-1.93229	2.38719
-1.91347	2.48505
-2.04399	2.85092
-1.84537	2.18319
-1.24186	0.80118
-0.759261	0.101757
-0.279796	-0.237576
-0.504719	0.144195
-1.00883	0.870289
-0.967328	0.884395
-0.625377	0.526931
-0.43581	0.426226
-0.733186	0.337163
-0.521959	0.140558
-0.458304	-0.23263
-0.600393	-0.12761
-0.742848	0.274388
-0.808664	0.443794
-0.818085	0.214212
-1.20542	0.933672
-0.785076	0.634175
-0.648755	0.747746
-0.679542	0.715172
-0.696317	1.09922
-0.654434	1.06931
-0.573555	1.15953
-0.472253	0.803545
-0.40085	0.894479
-0.599145	0.91364
-0.634704	0.99248
-0.528501	1.08158
-0.697466	1.04062
-0.767215	1.00531
-0.705416	0.797881
-0.756255	0.639414
-0.513959	0.316769
-0.306851	0.666226
-0.714523	0.777527
-0.906764	1.06352
-0.627693	0.916545
-0.380187	0.778636
-0.650596	0.967869
-0.671953	1.02796
-0.7418	1.24712
-0.521079	0.93447
-0.576853	0.93815
-0.406953	0.952876
-0.44184	0.998213
-0.593152	1.02657
-0.48152	0.850567
-0.713898	0.804986
-0.387699	0.87322
-0.571421	0.97054
-0.486906	0.859922
-0.479451	0.920545
-0.607736	1.04161
-0.510888	0.90601
-0.570363	0.998851
-0.908758	0.862841
-1.26709	0.881346
-1.54817	1.35742
-1.59465	1.91262
-1.04542	1.59578
-1.48212	2.07025
-1.61723	2.36491
-1.43425	2.21994
-1.09812	1.67647
-1.01506	1.49267
-1.29045	1.79632
-1.41957	1.90658
-1.41018	1.41208
-1.29085	1.37128
-1.11003	1.10358
-1.16849	1.52739
-1.06382	1.37089
-0.442365	1.14164
-0.512752	1.07276
-1.15552	1.18264
-1.00265	1.00003
-0.841884	0.601823
-0.904886	0.631172
-1.02068	0.738418
-1.12587	0.784037
-1.33046	0.975499
-1.44495	0.850766
-1.47597	0.991509
-1.26994	0.979249
-0.896244	0.671829
-0.386112	0.627526
-0.622819	0.817069
-0.834454	0.968893
-1.31525	1.04927
-1.46472	1.51754
-1.2986	1.13847
-1.3353	1.194
-1.34168	1.18399
-1.28787	0.987577
-1.31762	0.949724
-1.35767	1.06239
-1.02067	0.309012
-0.554847	-0.144384
-0.193349	-0.281452
-0.0854878	-0.151786
-0.412214	0.0208444
-0.988768	0.895459
0.0660367	0.25134
-0.322317	0.373113
-0.838078	0.587583
-1.45395	1.01468
-1.44849	0.905056
-1.44139	0.76549
-1.53332	0.992577
-1.01731	0.208754
-1.4401	0.658165
-1.5696	0.960023
-1.75226	1.44718
-1.87267	1.94777
-1.819	1.79157
-1.76017	1.54359
-1.81974	1.63331
-2.02465	2.02717
-2.01875	2.03454
-1.92517	1.70435
-1.27017	0.525073
-1.09215	0.453359
-0.553683	0.182227
-0.147003	0.127783
0.243741	0.095386
0.43828	0.123756
0.654172	0.430483
0.90511	0.561699
0.455299	0.431557
0.122993	0.303637
0.27399	0.760502
-0.0992771	0.402252
-0.80764	0.649739
-0.746228	0.679417
-0.713751	0.351015
-0.643441	0.365619
-0.606786	0.447216
-0.600739	0.492263
-0.557846	0.48299
-0.625815	0.570905
-0.840719	0.870908
-0.797174	0.76771
-0.854178	0.894899
-0.927281	1.01336
-0.962836	1.05674
-0.938672	1.09086
-0.810228	0.91854
-0.84083	0.972686
-0.901054	1.024
-0.972162	1.09057
-1.04418	1.14588
-1.14393	1.18961
-1.32361	1.3401
-1.53824	1.89125
-1.79896	2.5198
-1.81517	2.47857
-1.66979	2.06715
-1.85185	2.50741
-1.79908	2.36659
-1.81182	2.36101
-1.84069	2.54506
-1.98911	2.82821
-1.9456	2.61018
-2.04429	2.83414
-1.97288	2.71338
-1.42628	1.62851
-1.45538	1.60829
-1.63554	1.90643
-1.529	1.49648
-1.65685	1.611
-1.69247	1.48407
-1.60912	1.21232
-1.36935	0.615716
-0.919243	0.171601
-0.411031	-0.233992
-0.264529	-0.239349
0.041673	-0.20675
-0.2479	0.0450359
-0.446526	-0.0683292
-1.00268	0.721926
-1.19862	1.02853
-1.20148	1.20391
-1.06047	1.10544
-1.18548	1.28829
-1.20162	1.28773
-1.20975	1.08076
-0.548539	-0.0789107
-0.166951	-0.109005
-0.971942	0.630642
-1.37827	1.29041
-1.4899	1.47191
-1.43799	1.17275
-1.50097	1.16819
-1.50967	0.986227
-1.68598	1.29732
-1.69679	1.3898
-1.73566	1.45971
-1.75153	1.46532
-1.81612	1.58584
-1.81559	1.58991
-1.72859	1.4498
-1.77415	1.56254
-1.76076	1.63699
-1.70257	1.57232
-1.62575	1.53278
-1.53645	1.46634
-1.55648	1.57635
-1.64809	1.75322
-1.73905	1.93673
-1.74584	1.91231
-2.02703	2.45492
-2.01412	2.22441
-1.98018	2.01395
-1.85781	1.82189
-0.914676	0.233225
-0.347436	0.124553
0.0434206	-0.0451844
0.331741	-0.192398
0.586201	0.410494
0.441999	0.44736
0.348118	0.469826
0.186618	0.458301
-0.154317	0.472702
-0.751854	0.687836
-1.50889	1.0115
-2.03043	1.95354
-1.88158	1.79841
-1.96665	1.99983
-1.82705	1.55091
-1.85522	1.67791
-1.62361	1.0974
-1.63316	1.15593
-1.54446	1.01434
-1.42297	0.776909
-1.44824	0.974743
-1.29498	0.818098
-1.34834	1.05645
-1.25939	1.03789
-0.825598	0.754544
-0.809766	1.00782
-0.839257	0.93783
-0.467528	0.686221
-0.43129	0.549275
-0.531747	0.317424
-0.718177	0.381034
-0.877801	0.450519
-1.29284	0.997769
-1.76441	1.6983
-1.87164	2.04055
-1.99299	2.2639
-2.05824	2.42915
-1.89094	1.89303
-1.96554	2.03352
-1.85594	1.58754
-1.71297	1.43652
-0.800568	0.591913
0.170672	0.100052
0.172141	-0.0107413
0.176405	0.223035
0.334252	0.448942
0.195846	0.387982
0.235078	0.51803
0.169095	0.636454
-0.0678095	0.502082
-0.319456	0.556134
-0.454877	0.570131
-0.472347	0.749383
-0.67146	0.62561
-0.736418	0.576379
-1.46563	1.3354
-0.502858	0.472249
0.560614	0.326182
0.738969	0.240875
-0.0574384	-0.326429
-1.08792	1.07686
-1.14978	1.11603
-1.27006	1.26951
-1.22433	0.909017
-1.21065	0.908271
-0.39108	0.104394
0.152968	-0.203336
0.13669	-0.0752898
0.30561	0.0995599
0.492378	0.232681
0.324463	0.159674
0.424666	0.248331
-0.0229637	0.142117
-0.580972	0.413551
-1.15007	1.19268
-1.09137	1.22918
-0.964475	1.16877
-1.47215	1.56126
-1.75498	2.26142
-1.7168	2.11546
-1.94937	2.58898
-1.89606	2.6678
-2.18961	2.9387
-2.09014	2.8212
-1.56579	1.89709
-1.23271	1.0123
-2.14156	2.75442
-2.2743	3.37861
-1.71077	2.05733
-1.75882	1.72001
-1.76327	2.21778
-1.79975	2.3242
-1.75371	1.82969
-1.71463	1.73686
-1.76242	1.55261
-1.72846	1.49844
-1.59209	1.06691
-1.6019	1.20158
-1.40564	0.722391
-1.54451	1.23735
-1.35574	1.10719
-0.949643	0.526925
-0.924233	0.745504
-0.0643139	0.0578426
0.229627	-0.0446665
0.930091	0.484449
0.84304	0.571111
0.708351	0.273542
0.698179	0.405659
0.689735	0.476191
0.627016	0.317418
0.515876	0.278531
0.83705	0.702457
0.613893	0.475395
0.325712	0.539335
0.12643	0.497947
-0.60366	0.856413
-0.600035	0.86757
-0.67075	0.978331
-0.605639	0.863489
-0.556781	1.01573
-0.637967	0.929405
-0.554852	0.851221
-0.431368	0.765819
-0.406994	0.858688
-0.428526	0.952467
-0.284024	0.952426
-0.474827	1.00357
-0.49402	0.868071
-0.527717	0.912673
-0.780808	1.09616
-0.583469	0.813437
-0.643645	1.16705
-0.756309	0.957635
-0.58291	0.962497
-0.60827	1.07981
-0.508488	0.862436
-0.498028	0.862217
-0.615534	0.741806
-1.01953	0.532632
-1.32757	0.964939
-1.20351	0.929178
-0.240752	-0.305832
0.0759853	-0.39203
0.13449	-0.298358
0.025542	-0.250005
-0.00775702	-0.169031
0.0533635	-0.0613056
-0.263736	0.019041
-0.26959	0.25395
-0.531524	0.542567
-1.06872	1.31852
-1.35453	1.75277
-1.62346	2.19101
-1.71848	1.98022
-2.01211	2.35705
-1.96197	2.16207
-1.76734	2.0966
-1.82614	2.11453
-1.74302	1.85882
-1.8015	2.01856
-1.55689	1.29839
-1.40055	0.74877
-2.3446	3.00216
-1.90414	1.80376
-1.75039	1.3694
-1.59552	0.953263
-1.55483	0.798704
-1.57756	0.810773
-1.64936	0.899263
-1.75098	1.10672
-1.74001	1.26977
-1.66862	1.35717
-1.70418	1.51025
-1.45108	1.26471
-1.26169	0.936762
0.319355	0.527319
-0.131379	0.728646
-0.699764	0.770497
-0.6447	0.638181
-1.59458	1.15426
-1.23636	0.422664
-0.969438	0.0189167
-0.976118	0.0308776
-1.022	0.0785759
-1.07929	0.0938574
-1.43354	0.895488
-1.62841	1.24883
-1.29669	1.12661
-1.23422	1.17928
-0.316491	0.269633
-0.249405	0.373098
-0.491695	0.786277
-1.0567	1.19441
-1.13917	0.857587
-1.59039	1.46076
-1.84345	1.99657
-1.4611	1.38669
-1.41628	1.31172
-1.37308	1.22702
-1.41157	1.31215
-1.49915	1.73239
-1.39507	1.55728
-1.53035	1.79728
-1.70019	2.07224
-1.82928	2.26743
-2.04057	2.6478
-1.98405	2.40558
-2.04025	2.52489
-2.02849	2.60293
-1.93345	2.39762
-1.84634	2.2235
-1.85898	2.29425
-1.9251	2.45593
-1.81742	2.1421
-1.84913	2.24404
-1.77969	2.10135
-1.75438	2.03387
-1.70185	1.87232
-1.64278	1.65144
-1.65411	1.57819
-1.58546	1.11642
-1.46174	0.671338
-1.46223	0.678387
-1.35855	0.488866
-1.30271	0.398744
-1.28504	0.371497
-1.29062	0.352821
-1.34005	0.423886
-1.36926	0.44461
-1.4087	0.517276
-1.52446	0.786674
-1.70962	1.2231
-1.79131	1.39124
-1.65448	1.24446
-1.77308	1.48254
-1.42454	1.05743
-1.27479	0.723565
-1.39411	0.982557
-1.70663	1.69525
-1.83009	2.2326
-1.88	2.46
-1.96504	2.7759
-1.70605	2.23512
-1.50231	1.74384
-1.40315	1.5083
-1.34909	1.34801
-1.11653	0.85844
-1.07577	0.713676
-1.33642	1.04176
-1.53934	1.35062
-1.4935	1.21956
-2.07811	2.39218
-1.9273	1.82571
-1.64926	1.3893
-1.73183	1.44322
-1.57289	1.1923
-1.48163	1.17519
-1.61967	1.34188
-1.4996	1.32754
-1.63787	1.35185
-1.3942	1.2094
-1.43034	1.08276
-1.19324	0.8927
-1.64903	1.56939
-1.46708	1.42593
-1.63231	1.86159
-1.62093	1.94796
-1.6893	2.12888
-1.65163	2.08317
-1.82339	2.38044
-2.10292	3.00558
-2.37971	3.64277
-2.35828	3.47527
-2.23197	3.21567
-1.83805	2.30437
-1.94064	2.2668
-2.09505	2.65116
-1.92065	2.1581
-1.78616	1.55291
-1.73245	1.28704
-1.54429	1.19074
-1.42984	1.21478
-0.717496	0.251232
0.215148	0.14993
0.427295	0.506218
0.506834	0.630991
0.554077	0.485711
0.449746	0.329103
0.517952	0.615551
0.552943	0.531643
0.472741	0.61856
0.441219	0.767988
0.0762702	0.535999
-0.546954	0.3907
-0.980999	0.271366
-1.09041	1.14155
-0.787812	0.714809
-0.921655	0.746669
-1.00207	0.856253
-1.24145	1.30962
-1.32499	1.1344
-1.68653	2.02114
-1.71673	1.63292
-1.39929	1.0114
-0.741425	0.389676
-0.3632	0.387049
0.0262844	0.183998
0.23507	0.105561
0.448612	0.250797
0.343923	0.449559
0.324175	0.778726
-0.249106	0.623067
-0.94511	1.00502
-0.887349	0.77183
-0.761213	0.737737
-0.814529	0.887008
-0.635103	0.618901
-0.581678	0.499583
-0.223404	0.676656
-0.887432	1.18519
-1.53712	1.57342
-1.90464	1.50153
-2.02346	2.01512
-1.84135	1.84458
-1.9057	2.22747
-2.06124	2.68956
-1.97927	2.42913
-1.86863	2.09678
-1.84929	1.90865
-1.81806	1.88674
-1.79627	2.05238
-1.83256	2.16502
-1.70037	1.80943
-1.21245	1.13858
-0.506436	0.395918
-0.231912	0.29799
-0.0913276	0.35048
0.120913	0.511625
0.268809	0.532343
0.36766	0.265166
0.15553	0.127521
-0.135333	0.386756
0.0440444	0.343823
-0.274247	0.337569
-0.949786	0.629597
-0.788317	0.538064
-0.679659	0.377603
-0.984474	0.455826
-1.08924	0.621556
-0.839399	0.481142
-1.31211	1.1861
-0.922804	0.897194
-0.915949	1.01493
-0.755476	0.915214
-0.640145	0.776653
-0.658159	0.883169
-0.669039	1.03502
-0.641257	0.848369
-1.43949	1.2562
-1.38698	1.09095
-0.937267	0.93387
-1.51548	1.23704
-1.20033	1.05012
-1.49127	1.20623
-1.74403	1.41982
-2.21402	2.06556
-2.32392	2.51545
-2.22124	2.19919
-1.99224	1.60412
-1.98876	1.7547
-2.07078	2.1287
-1.8401	1.51207
-1.89223	1.63106
-1.64007	1.19146
-1.63373	1.27559
-1.20969	1.00601
-0.984304	1.01955
-0.785424	0.991022
-0.66787	0.444344
-0.580081	0.732327
-0.216046	0.798052
-0.570737	1.01042
-0.617186	0.931535
-0.767695	0.896556
-1.08089	1.21545
-1.30377	0.974246
-1.86499	1.86316
-1.93708	1.79377
-1.82594	1.9139
-1.86271	2.33998
-1.5456	1.59474
-1.51933	1.4246
-2.05695	2.117
-2.05216	1.78164
-1.97642	1.6543
-1.97484	1.62801
-1.86774	1.4388
-2.02244	1.72767
-1.87064	1.39272
-1.87725	1.50856
-1.91846	1.49071
-1.66703	1.18591
-1.70433	1.30232
-1.39874	1.25459
-1.20705	0.959608
-1.17408	0.918816
-1.28911	0.946316
-1.29641	1.04587
-1.29635	1.06097
-1.0272	0.775479
-1.1859	1.11687
-0.779988	0.814827
-0.896726	1.08783
-0.763187	0.914747
-0.69644	0.930985
-0.5601	0.897476
-0.661731	1.03931
-0.495194	0.906844
-0.558856	1.03342
-0.645445	1.13283
-0.686853	1.03692
-0.540333	1.05594
-0.502354	0.887877
-0.565314	0.910476
-0.393185	0.861148
-0.538882	0.930059
-0.771518	1.28314
-0.583342	0.962938
-1.47232	1.56279
-1.3633	1.55874
-1.36393	1.51742
-1.74477	1.87771
-1.47375	1.41317
-1.2975	1.25397
-1.27146	1.15739
-1.47421	1.46818
-2.09026	3.15711
-1.83041	2.12255
-1.67765	1.78468
-1.73516	1.76987
-1.72698	1.61546
-1.70728	1.53422
-1.8707	1.84631
-1.85041	1.83173
-1.90111	2.00421
-1.81334	1.95835
-1.6159	1.67283
-1.3221	1.23351
-1.24417	1.21513
-1.31439	1.38439
-1.42828	1.64926
-1.60727	2.1001
-1.7438	2.3177
-1.97268	2.60606
-2.1454	3.08914
-1.73145	1.70642
-1.79061	1.74195
-1.8174	1.73124
-1.81986	1.62322
-1.99371	2.05888
-0.298375	0.0434146
-0.285505	0.15981
0.331691	-0.282182
0.489119	-0.256621
0.405429	-0.0207806
0.342299	0.272418
0.0843747	0.271614
-0.586438	-0.0216071
-0.95372	0.208685
-1.18687	0.535223
-1.05441	0.123729
-0.988312	0.0539776
-0.813312	-0.128009
-0.920967	0.00946383
-0.801116	-0.186598
-0.689229	-0.353626
-0.516608	-0.511587
-0.390528	-0.767896
-0.575575	-0.582743
-0.535603	-0.543036
-0.594296	-0.400516
-0.852809	-0.0363153
-1.03464	0.237333
-0.878204	0.151329
-0.828787	0.18824
-1.18843	0.919066
-1.32567	1.10073
-1.73517	1.98088
-1.57147	1.60228
-1.57105	1.81578
-1.62849	2.22341
-1.45285	1.97126
-1.27507	1.60922
-1.27162	1.68624
-1.11837	1.43683
-0.958175	1.16167
-0.978323	1.14713
-1.04975	1.18986
-0.787524	0.837492
-0.549534	0.60238
-0.378152	0.436819
-0.373967	0.460149
-0.37391	0.502033
-0.471371	0.629863
-0.591449	0.787124
-1.0206	1.18642
-1.0102	1.10282
-1.46501	1.47999
-1.54017	1.44104
-1.65849	1.57262
-1.82261	1.63577
-1.97539	1.87078
-1.90155	1.73995
-1.8646	1.41026
-1.99223	1.59838
-2.26905	2.36679
-1.97502	1.40771
-1.86067	1.03782
-1.81087	0.958604
-1.82404	1.0421
-1.98664	1.81896
-1.77171	1.62453
-1.66945	1.46704
-1.62764	1.52076
-0.963391	0.628214
-0.547573	0.367473
0.05887	0.302637
0.400937	0.34023
0.698737	0.499414
0.553355	0.51346
0.722496	0.376202
0.255836	0.211814
0.20386	0.334304
-0.28508	0.444899
-1.12427	1.12905
-1.70235	1.84517
-1.62105	1.5842
-1.80199	2.12912
-1.84643	2.41308
-1.89467	2.45883
-1.99628	2.59468
-2.04742	2.68743
-2.06877	2.85343
-2.1543	2.9127
-2.0895	2.47929
-2.0436	2.03148
-2.0841	2.05046
-1.90534	1.87152
-1.39481	1.08274
-1.47052	1.44134
-1.19745	0.988014
-1.07226	1.04897
-0.946495	1.07846
-0.990494	0.640217
-1.33992	0.627273
-1.16312	0.87148
-1.16769	1.25741
-1.45994	1.41255
-1.33908	1.29038
-1.79418	1.43018
-1.82644	1.49361
-1.58594	1.22083
-1.9091	2.18512
-1.8417	2.28147
-1.72236	2.14888
-1.58355	1.86994
-1.67603	2.16668
-1.55544	1.95529
-1.38091	1.58623
-1.22701	1.14471
-1.29304	1.23848
-1.75278	2.26456
-1.60963	2.02674
-1.58952	2.04705
-1.35888	1.61701
-1.31423	1.70179
-1.43611	1.46244
-1.56819	1.66414
-1.48344	1.70226
-1.32034	1.28871
-1.29549	1.40686
-1.5425	1.73263
-1.43631	1.69606
-1.17287	1.30241
-1.2767	1.37944
-1.00491	1.12265
-1.07092	1.27228
-1.03619	1.01861
-1.16175	1.52447
-0.972088	1.16147
-0.827522	1.02737
-0.96459	1.17217
-0.79799	0.903013
-0.712503	1.2142
-0.640982	0.804082
-0.608228	0.91633
-0.779779	1.00378
-0.556756	0.867486
-0.547489	1.05973
-0.419711	0.713996
-0.382869	0.777357
-0.609688	0.831997
-0.416937	0.779123
-0.471476	1.04433
-0.536289	1.13565
-0.672298	0.993588
-0.665428	0.87325
-0.65605	1.01219
-0.681803	1.0004
-1.14544	1.04156
-1.63163	1.25326
-1.59677	1.63555
-1.54986	1.18367
-1.38616	1.06333
-1.5281	1.39659
-1.34697	1.05535
-2.05391	2.67825
-2.03975	2.51544
-1.82923	1.94381
-1.8101	1.79503
-1.74767	1.7665
-1.80557	1.74056
-1.76634	1.70249
-1.58347	1.38118
-1.32537	0.946484
-1.29268	0.97795
-1.17693	0.890247
-1.05279	0.753247
-1.01594	0.983573
-0.883464	0.624404
-0.874281	0.592
-0.920802	0.554911
-1.17389	0.928012
-1.31542	0.882166
-1.16219	0.711233
-1.05739	0.676211
-0.640766	0.548981
-0.377276	0.750081
-0.413313	0.978008
-0.418892	0.930922
-0.742679	1.23735
-1.18473	1.30882
-1.64684	1.58913
-1.75941	1.4803
-2.00598	1.91604
-1.71096	1.16085
-1.65121	1.03151
-1.49542	0.792923
-1.38501	0.928115
-1.02713	0.544517
-0.704821	0.447987
-0.11921	0.541679
0.278385	0.31891
0.267116	0.50654
0.667566	0.641578
0.69697	0.581356
1.00954	0.794749
0.962466	0.563748
0.995921	0.806834
0.719935	0.626398
0.794582	0.703736
0.903105	0.935261
0.668217	0.758756
-0.136121	0.663993
-1.25355	1.21578
-1.02041	0.943522
-0.990375	0.749241
-1.02654	0.729754
-1.04643	0.697405
-1.09887	0.74938
-1.19961	0.892681
-1.30322	0.996348
-1.35245	1.04068
-1.50725	1.21266
-1.58502	1.32967
-1.64133	1.37416
-1.69828	1.37506
-1.79381	1.57032
-1.78225	1.56249
-1.88126	1.84808
-1.8966	1.76308
-1.91197	1.68229
-1.99861	1.89096
-1.96801	1.7027
-1.89789	1.57419
-1.88334	1.59869
-1.95966	1.87643
-1.93124	1.81182
-1.95818	1.85266
-1.95106	1.78104
-1.66281	1.14602
-1.36917	1.06849
-1.61499	1.49075
-1.94338	1.74238
-1.85238	1.51748
-1.2176	0.547968
-0.8393	0.340959
-0.175335	-0.282146
0.249091	-0.0589555
0.594613	0.0175948
0.780302	0.18669
0.781827	0.335215
0.683949	0.604093
0.498438	0.472245
0.237962	0.511669
0.339311	0.568184
-0.00556864	0.33728
-0.312921	0.558689
-0.577826	0.59112
-1.31279	0.75994
-1.55897	1.18653
-1.85921	1.74056
-2.08203	2.11057
-2.10556	2.28006
-2.10688	2.4242
-1.75333	2.10386
-1.75905	2.20265
-1.74929	2.15445
-1.79266	2.25962
-1.71537	2.04413
-1.72065	2.09339
-1.70321	2.07382
-1.66976	1.96443
-1.81749	2.28748
-1.90315	2.40923
-1.75625	2.02199
-1.53385	1.49455
-1.74028	1.96734
-1.66196	1.82089
-1.08678	0.926095
-0.985331	1.00195
-1.01138	1.11609
-0.975877	1.12745
-0.792386	0.955981
-1.12137	1.47291
-1.3052	1.6344
-1.41813	1.83059
-1.54985	2.15925
-1.48218	1.98249
-1.59424	1.50046
-1.32735	0.881993
-1.31183	1.15803
-1.30705	1.14479
-1.22166	1.03577
-0.0260081	0.219603
0.0239429	0.15493
0.673104	0.00162844
0.594588	0.263099
0.467814	0.605252
0.361214	0.782616
-0.0225329	0.400317
-0.14648	0.327044
-1.35646	1.06196
-1.71212	1.76403
-1.65804	1.39401
-1.48145	1.04242
-1.6573	1.57475
-1.84762	2.19663
-1.66874	1.85569
-1.56755	1.58295
-1.68941	1.65578
-1.66733	1.24355
-1.43503	1.03157
-1.26382	0.963759
-0.571966	0.825666
-0.445433	0.929804
-0.926866	1.08277
-1.18345	0.9995
-1.36077	1.25922
-1.44741	1.50393
-2.02253	2.80303
-1.97741	2.66216
-1.93841	2.35811
-2.03584	2.44531
-1.87004	2.09531
-1.89252	2.26401
-1.97159	2.52167
-1.92927	2.41247
-1.99904	2.58412
-1.93425	2.44345
-1.7862	1.92378
-1.44769	1.0491
-1.0197	0.323123
-0.745292	0.0800448
-0.499947	-0.140903
-0.46017	-0.163907
-0.682919	0.129866
-0.98535	0.536965
-1.27604	0.954917
-1.54494	1.38518
-1.6528	1.5894
-1.7467	1.86662
-1.67492	1.72912
-1.71998	1.93441
-1.78424	2.43561
-1.66015	2.19853
-1.59556	2.0496
-1.68737	2.28308
-1.77667	2.50281
-1.70908	2.32542
-1.8352	2.51192
-2.01278	2.69165
-1.94392	2.40505
-1.85587	2.39004
-1.7692	2.2282
-1.85179	2.39677
-1.91885	2.44271
-2.06204	2.68127
-2.18565	2.96163
-2.1086	2.85003
-2.17547	2.90406
-2.17568	2.70389
-2.09901	2.26293
-2.07627	2.05018
-1.85048	1.70561
-1.58711	1.26135
-1.5672	1.32732
-1.37069	1.12722
-1.11857	0.891548
-1.07173	0.981969
-0.706668	0.904321
-0.652629	1.17933
-0.401187	0.815818
-0.229275	0.696017
-0.291798	1.17167
-0.579348	0.754048
-1.12249	1.08896
-0.917159	0.537313
-0.810375	0.356154
-0.816286	0.333722
-0.919054	0.374318
-1.03766	0.462302
-1.20988	0.730073
-0.976987	0.558612
-0.849485	0.471308
-0.671358	0.472223
-0.631348	0.596981
0.152726	0.214897
0.212187	0.399017
0.103104	0.631223
0.256518	0.765417
0.0806601	0.827953
-0.31713	0.628001
-0.711358	0.798867
-1.33432	0.905783
-1.91701	1.86878
-1.8367	1.51723
-1.91809	1.75554
-1.79296	1.6953
-2.02254	2.41079
-1.97878	2.29909
-1.99387	2.18447
-1.77466	1.44549
-1.71935	1.32581
-1.52761	1.03233
-0.515164	-0.0545889
0.0315603	0.061708
0.642427	0.191563
0.945506	0.561575
1.02961	0.560267
1.02275	0.630737
1.08571	0.845962
1.05662	0.616917
0.675193	0.221662
0.419689	0.30005
-0.143316	0.412914
-0.712983	0.771026
-1.22774	0.765388
-1.55333	1.22898
-1.67739	1.28982
-2.09578	2.39718
-2.16875	2.72169
-2.09926	2.57947
-1.77038	1.54263
-1.56063	0.850167
-1.41244	0.549147
-1.45795	0.591166
-1.39718	0.488584
-1.62977	1.36872
-1.29715	1.26297
-1.27453	1.27626
-1.05173	0.932434
-1.00977	1.10152
-1.05311	1.12906
-1.28642	1.06018
-1.8845	1.78946
-2.05206	1.60904
-2.10127	1.86715
-2.22141	2.42738
-2.12467	2.20275
-2.10901	2.41819
-2.0728	2.28414
-2.00801	2.0753
-1.95319	2.07476
-2.04206	2.22718
-1.97785	2.02807
-1.99183	2.07567
-1.90477	1.87858
-1.99193	2.00728
-1.672	1.15159
-1.44744	0.606876
-1.15869	0.460289
-1.11359	0.57983
-1.33574	1.14134
-1.11286	0.904702
-0.718487	0.668406
-0.945346	1.16022
-1.36307	1.74326
-1.43899	1.84792
-1.34003	1.67
-1.23526	1.4996
-1.2091	1.46593
-1.21171	1.46391
-1.28038	1.50028
-1.57964	1.395
-1.53865	1.46205
-1.56194	1.55471
-1.29346	1.02942
-1.37174	1.15373
-1.63885	1.73502
-1.76033	1.97739
-1.64278	1.74307
-1.48123	1.43697
-1.47721	1.302
-1.55097	1.44867
-0.85765	0.686641
-0.232692	0.537874
0.245503	0.452883
0.38078	0.46685
0.522989	0.431764
0.546874	0.382951
0.525807	0.477428
0.622544	0.143736
0.41389	0.168009
0.770158	0.599022
0.594721	0.431974
0.734185	0.642527
-0.930164	1.09712
-0.637869	0.917467
-0.661353	0.980134
-0.430312	0.811344
-0.674142	1.08981
-0.585842	1.02158
-0.728676	0.857843
-0.764768	0.92849
-0.831056	0.915807
-0.93458	1.12952
-1.10184	0.878407
-1.46444	1.28145
-1.92171	1.65329
-1.99025	1.73319
-1.982	1.6574
-1.96239	1.51745
-2.21505	2.17911
-1.90041	1.70776
-1.85775	1.99873
-1.98031	2.37247
-1.94469	2.25171
-2.04095	2.62105
-2.00729	2.45861
-2.16928	2.78261
-2.62782	3.84919
-2.59777	3.99826
-2.14526	2.78271
-2.20056	3.0963
-2.44597	3.82466
-2.35309	3.41384
-2.22649	2.8841
-2.40488	3.14553
-2.45521	3.19061
-2.44934	3.23593
-2.20336	2.54735
-2.21921	2.56121
-2.15842	2.27467
-2.10681	2.26372
-1.51845	1.21233
-0.626793	0.581897
-0.218633	0.543046
-0.557947	0.671529
-0.45054	0.677097
-0.270386	0.353185
-0.474751	0.371896
-1.64947	1.6746
-2.00198	2.25774
-2.06827	2.34967
-1.84568	1.59942
-1.64715	1.18504
-1.75399	1.46394
-1.98074	2.18341
-1.98894	2.29399
-1.89501	2.18777
-1.57848	1.51647
-1.40747	1.31495
-1.15194	0.991785
-0.958116	0.843347
-0.809318	0.82367
-0.926639	0.997996
-1.39883	1.44198
-2.05103	2.21124
-1.96406	2.15228
-1.97146	2.2913
-1.99879	2.23413
-1.72233	1.48645
-1.74279	1.50367
-1.72357	1.30071
-1.49395	1.08536
-0.571747	0.354532
-0.0613858	-0.00369885
0.220748	0.209851
0.536007	0.488306
0.799712	0.833544
0.99148	0.806394
1.05268	0.898596
0.617549	0.650944
0.273353	0.622702
0.27501	0.600775
0.08169	0.662828
-0.351365	0.769875
-0.456099	0.727581
-0.41371	1.0522
-0.384791	0.898816
-0.954117	0.841851
-0.657114	0.405353
-0.814308	0.82762
-0.810883	0.836433
-1.15482	1.32169
-0.995959	1.10107
0.0945644	0.148583
-0.830484	0.80958
-1.23081	1.40885
-1.13783	1.39909
-1.19472	1.49966
-1.06636	1.22156
-1.18558	1.34954
-1.27423	1.47167
-1.30319	1.45829
-1.47916	1.71931
-1.87825	2.42686
-1.86878	2.15899
-1.56718	1.23469
-1.46501	1.06534
-1.47242	1.10329
-1.53185	1.42911
-1.48514	1.28097
-1.28838	1.24337
-1.25665	1.34135
-1.24308	1.24995
-1.00111	1.06431
-0.852331	0.821743
-0.623536	0.412413
-1.45253	1.35021
-1.76823	1.87514
-1.66931	1.74034
-1.80447	2.2415
-2.06366	2.71345
-1.88625	2.12549
-1.9877	2.07767
-1.94749	1.87153
-1.85677	1.65294
-1.43356	1.26585
-1.38364	1.37262
-1.30434	1.27245
-1.03094	1.14039
-0.925121	1.08144
-0.612773	1.0162
-1.01041	1.17303
-1.23174	1.34256
-2.1857	3.03447
-1.94462	2.60286
-1.78534	2.20835
-1.79564	2.04612
-1.95165	2.4251
-2.05807	2.90753
-1.97918	2.78607
-1.95958	2.71557
-2.02527	2.85946
-1.9553	2.56158
-1.91846	2.21715
-1.6459	1.63533
-1.65057	1.85026
-1.5239	1.76827
-1.48964	1.83261
-1.46861	1.84359
-1.57331	2.08868
-1.80307	2.56671
-1.74792	2.30807
-1.76521	2.03375
-1.79308	1.75057
-1.70095	1.79851
-1.56108	1.59034
-1.25126	1.51805
-0.746579	1.13544
-0.527643	0.999932
-0.549947	0.60324
-0.721372	0.565435
-0.53757	0.206698
-0.192928	0.215608
-0.0739386	0.150376
-0.163689	0.175873
-0.577562	0.390963
-1.08296	0.583621
-1.54775	1.28859
-1.4334	0.993584
-1.55119	1.07867
-1.57095	1.33759
-1.38691	1.03141
-1.39557	1.04601
-1.3242	0.997509
-1.41454	1.12087
-1.29316	1.04025
-0.941297	0.875374
-0.763497	1.03631
-1.38565	1.48296
-1.62058	1.8737
-2.12329	3.07429
-1.8993	2.36124
-1.89811	2.21833
-1.94266	2.18032
-2.09043	2.24426
-1.96579	1.86296
-1.90806	1.88304
-1.61189	1.5862
-1.36787	1.72357
-1.29599	1.4377
-1.10715	1.03984
-1.06064	1.05325
-0.632557	0.569294
-0.398146	0.595145
-0.419361	0.621155
-0.916281	1.30239
-1.13569	1.24014
-1.48683	1.35882
-1.62003	1.24801
-2.15784	2.05792
-2.14328	1.98685
-1.73961	1.33745
-1.91232	2.23725
-1.78163	2.03919
-1.92362	2.3797
-1.90666	2.37989
-1.86435	2.37055
-1.72183	2.01578
-1.8332	2.37472
-1.88635	2.4046
-1.87643	2.39351
-1.93187	2.53895
-1.95939	2.62577
-1.93321	2.57092
-1.65475	1.79009
-1.68856	1.79225
-1.51592	1.46915
-1.62461	1.73337
-1.97237	2.65492
-2.1077	2.95676
-2.08176	2.94279
-1.5315	1.5592
-1.54793	1.68618
-1.3423	1.34225
-1.33107	1.3518
-1.34164	1.52926
-1.50703	1.94444
-1.44973	1.76655
-1.36956	1.50627
-1.31565	1.22063
-1.42872	1.30818
-1.73261	1.84859
-1.71539	1.47453
-1.52631	0.880821
-1.48455	0.894597
-0.711767	-0.189352
-0.242133	-0.200894
0.617171	-0.0768671
0.721267	-0.126555
0.910014	0.274845
0.681108	0.399943
0.521965	0.189399
0.610576	0.0353192
0.367053	0.0586129
-0.58988	0.616024
-1.76995	1.49588
-1.74951	1.44973
-1.71482	1.44559
-1.83678	1.81555
-1.97896	2.32385
-1.91802	2.05117
-1.96303	2.0377
-1.48479	1.14519
-1.17035	1.08137
-0.364757	0.808952
-0.487251	0.729454
-1.00012	0.471979
-1.2383	0.508089
-1.60132	1.49352
-1.94616	2.32379
-1.7895	2.13771
-1.67447	1.96813
-1.61935	1.89495
-1.74273	2.25585
-1.9876	2.93389
-1.97259	2.93072
-1.93977	2.85827
-1.92721	2.83114
-1.91761	2.79587
-1.99455	3.04245
-1.98252	3.00225
-2.0412	2.67863
-1.88494	2.46051
-1.92058	2.12801
-1.79161	2.37668
-1.7113	1.72623
-1.74021	2.20049
-1.92634	2.12876
-1.86963	2.22876
-1.70973	1.6894
-1.60267	1.39074
-1.70883	1.67614
-1.59704	1.40605
-1.34493	1.12104
-1.28443	1.15003
-1.03601	1.0274
-0.833678	0.892378
-0.400619	0.724307
-0.121144	1.13949
-0.672856	1.14734
-0.855747	1.10753
-0.726396	0.929471
-0.578672	0.903036
-0.730607	0.984549
-0.699499	0.945395
-0.418502	0.882035
-0.557168	0.886739
-0.56622	0.921272
-0.628106	0.934827
-0.554744	0.840926
-0.775394	1.06778
-0.510491	0.822346
-0.415193	0.690308
-0.490566	0.734012
-0.47085	0.921279
-0.519268	0.971039
-0.49848	0.831137
-0.36604	0.695549
-0.933459	0.847179
-1.85668	1.43576
-1.90873	1.72804
-1.9862	2.08751
-1.91645	2.06147
-1.75872	1.78188
-1.72002	1.89699
-1.55551	1.50786
-1.64292	1.65244
-1.66229	1.68149
-1.69478	1.73286
-1.65194	1.68827
-1.60603	1.5906
-1.59721	1.52355
-1.64217	1.60365
-1.64184	1.55871
-1.66829	1.60617
-1.73113	1.70162
-2.09049	2.10795
-2.13765	2.10894
-1.93051	1.49106
-1.78171	1.08742
-1.24018	0.152446
-0.338241	-0.278754
0.128508	0.0445376
0.530992	0.415235
0.777041	0.44951
0.825488	0.699246
0.555031	0.439689
0.577997	0.562187
0.253297	0.531981
0.0188497	0.43674
-0.448154	0.696122
-1.26264	1.58547
-2.01264	2.77727
-1.67315	1.94178
-1.59045	2.07843
-1.30115	1.75821
-0.889755	1.21269
-0.630359	0.948368
-0.335778	0.606102
-0.0653812	0.358001
0.13302	0.132124
-0.00576917	0.00749738
-1.39904	0.948681
-1.60407	1.26073
-1.38653	0.908052
-1.6241	1.34379
-1.42901	0.95173
-1.29153	0.840505
-1.2829	0.904045
-1.17919	0.71853
-1.46041	1.21406
-0.886984	0.800747
-0.997039	1.22083
-1.45384	1.5864
-1.76754	2.34976
-1.94506	2.69262
-2.02365	2.8239
-2.04014	2.79795
-1.82291	2.33852
-1.56971	1.82575
-1.36285	1.46645
-1.4487	1.68319
-1.36957	1.52826
-1.56739	1.84011
-1.71033	2.1567
-1.59887	1.74899
-1.54256	1.43981
-1.89687	2.11653
-1.5949	1.65463
-1.43468	1.38439
-1.5255	1.3878
-1.56481	1.18149
-1.31826	1.15247
-1.36676	1.18173
-1.49072	1.51174
-1.51757	1.30327
-1.75953	1.57992
-1.75793	1.91164
-2.01494	2.21676
-2.15208	2.75601
-2.05879	2.562
-2.0711	2.45569
-1.98373	2.34629
-1.86608	1.96381
-1.75998	1.55036
-1.67378	1.37578
-1.79287	1.64486
-1.60543	1.61582
-1.70816	2.10792
-1.65546	1.99729
-1.7301	2.23196
-1.75308	2.37104
-1.82372	2.55086
-1.55756	1.8564
-1.41717	1.29822
-2.08564	2.78229
-1.98061	2.40191
-2.02941	2.56103
-1.98975	2.50367
-1.86974	2.28379
-2.13678	2.54852
-1.75064	1.53514
-0.6181	0.206488
-0.0412063	-0.0331498
0.326441	0.0895863
0.617668	0.257694
0.896125	0.672816
1.16486	1.09993
1.09751	1.13735
0.979797	0.832028
0.728835	0.637566
0.125987	0.457515
-0.401872	0.515499
-1.06454	0.919238
-1.31372	1.13619
-1.56614	1.66163
-1.64928	1.80653
-1.86295	2.31473
-1.66765	1.72669
-1.66113	1.7884
-1.589	1.68184
-1.52947	1.58246
-1.68921	1.95832
-1.82142	2.39126
-1.88708	2.50037
-1.86523	2.32979
-1.84038	2.10748
-1.87792	1.94966
-1.94788	2.14244
-1.97966	2.36034
-1.17869	1.51143
-0.557353	1.24324
-1.26448	1.76681
-1.86865	2.26953
-1.62995	1.41639
-1.75149	1.79792
-2.02552	2.16398
-2.05623	2.18222
-2.22323	2.81993
-1.94452	2.29704
-1.86268	2.01109
-1.69523	1.74328
-1.50019	1.36307
-1.34928	1.01084
-0.974024	0.866272
-0.517134	0.317603
-0.115257	0.140216
0.127054	0.213008
0.121733	0.248997
0.0550358	0.255482
0.0721761	0.290456
0.210564	0.105146
-0.00483063	0.178418
-0.30825	0.148239
-0.362746	0.157786
-0.602011	0.191104
-0.619937	0.332011
-0.665431	0.52847
-0.762452	0.576178
-0.870424	0.601974
-1.16407	1.13351
-1.18015	1.36393
-0.982884	1.25113
-1.05949	1.13027
-0.993792	1.2401
-1.3731	1.51804
-1.01436	1.11933
-1.22361	1.26099
-1.29435	1.36164
-1.24909	1.37235
-1.14624	1.19599
-1.03828	1.38641
-0.764773	1.03497
-0.555609	0.817171
-0.749173	0.910747
-0.935954	1.10113
-0.780893	0.964918
-0.718578	0.966075
-0.636081	1.05122
-0.537558	0.664216
-0.615723	0.934906
-0.625329	0.955578
-0.508675	0.849784
-0.709208	0.973124
-0.499273	0.76081
-0.629803	1.07628
-0.483653	0.901334
-0.466539	0.959495
-0.484035	0.990923
-0.388423	1.05812
-0.51902	0.890114
-0.638248	0.900374
-0.573755	1.02856
-0.614272	1.06034
-0.642029	0.888665
-1.27248	1.14759
-1.09867	1.09022
-0.8264	0.773064
-1.06269	0.860444
-1.4075	1.27573
-1.27233	1.15887
-0.931029	0.843314
-1.28764	1.12753
-1.24687	0.861789
-0.625747	-0.00701069
-0.172325	-0.0426602
0.277744	0.0489008
0.560494	0.25997
0.450395	0.177485
0.67747	0.609237
0.494108	0.588079
0.268546	0.51276
-0.0845411	0.369063
-1.16862	0.782766
-1.16398	0.956745
-1.29213	1.12964
-1.37317	1.29792
-1.3623	1.27827
-1.53074	1.72331
-1.61373	1.88128
-1.61578	1.88245
-1.73904	1.92176
-1.97766	2.00901
-2.04867	2.12026
-2.09979	2.31346
-2.06611	2.0922
-2.10092	2.22747
-1.96063	1.72934
-1.82661	1.37232
-1.9476	1.82397
-1.79501	1.40757
-0.872332	0.770719
-0.843137	0.989953
-0.586176	0.952469
-0.778599	1.25142
-1.05215	1.52899
-1.26051	1.57402
-1.32451	1.48168
-1.38897	1.44942
-1.40762	1.41117
-1.40517	1.31555
-1.41923	1.20167
-1.47114	1.22659
-1.46935	1.11805
-1.59886	1.26578
-1.69382	1.34762
-1.78516	1.5461
-1.69571	1.58958
-1.62822	1.54378
-1.29276	1.16097
-1.11116	0.915034
-1.35228	1.06043
-1.40152	0.949228
-1.29719	0.782584
-1.3112	0.906566
-1.37775	1.07389
-1.48726	1.24667
-1.574	1.36361
-1.70905	1.66777
-1.94955	2.28926
-2.10097	2.73191
-1.98571	2.28266
-1.99071	2.2035
-1.83246	1.71081
-1.99689	2.0282
-1.91776	1.86944
-1.60787	1.22576
-1.22113	0.72013
-1.20245	1.07681
-0.902823	0.81967
-0.0207718	1.07024
-0.0784526	0.79329
-0.149294	0.433596
-1.37952	1.53651
-1.12958	1.0432
-1.19313	0.95429
-1.51973	1.49685
-1.84603	2.08073
-1.94399	2.23621
-1.88104	2.02368
-1.97219	2.29787
-2.08179	2.69632
-2.03129	2.70717
-2.08509	2.94768
-2.02333	2.79259
-1.99841	2.79675
-2.0155	2.79525
-1.95689	2.37765
-1.91892	2.24677
-1.77021	2.03031
-1.74911	2.12588
-1.52999	1.64523
-1.25832	1.16216
-0.96461	0.751371
-0.833186	0.612173
-0.621632	0.363766
-0.474863	0.245132
-0.400191	0.379923
-0.00844038	0.195583
0.0877897	0.146548
0.0971503	0.132587
0.156954	0.120234
0.153602	0.128202
0.0760942	0.154188
-0.0844454	0.195853
-0.207941	0.260634
-0.7081	0.706116
-1.10683	1.31821
-1.16777	1.43322
-1.16228	1.45139
-1.37545	1.78698
-1.53912	1.98457
-2.01392	2.70215
-2.29095	3.27964
-2.07034	2.67544
-1.97739	2.2142
-1.91991	1.94684
-1.96443	2.13488
-1.77921	1.73718
-1.72887	1.77037
-1.55495	1.25633
-1.48799	1.25643
-1.36251	1.12753
-1.26453	1.07223
-1.17679	1.19926
-1.13116	1.2698
-0.839419	1.03892
-0.799498	0.933045
-0.715064	1.01001
-0.789759	0.927192
-1.02458	0.891139
-1.92043	2.18161
-1.83387	2.05919
-1.71678	2.15555
-1.92071	2.70196
-1.59352	1.9705
-1.73996	2.3152
-1.99148	2.83981
-2.21006	3.05884
-1.56339	1.47414
-1.60954	1.82505
-1.42059	1.41418
-1.31406	1.27906
-1.04982	1.08633
-0.89634	1.00301
0.164661	0.464957
0.727497	-0.0438334
0.862081	-0.0469233
0.456344	-0.086893
0.540928	0.548132
0.300019	0.617215
0.231141	0.484327
-0.168987	0.720104
-0.221939	0.605513
-0.482719	0.550224
-0.401921	0.709935
-0.358794	0.962428
-0.444497	0.648851
-0.689395	0.769092
-1.23785	0.796563
-1.5523	1.02238
-1.29774	0.630859
-1.36721	0.772339
-1.20004	0.616426
-0.963	0.302328
-0.890147	0.224161
-0.23279	-0.377504
0.391041	0.00651552
0.606876	0.260806
0.665802	0.0892038
1.03455	0.52436
0.960231	0.423518
0.982594	0.589965
0.841198	0.507116
0.722324	0.448894
0.534548	0.539234
-0.0711577	0.37044
-0.627967	0.513021
-0.678877	0.458665
-0.676751	0.503903
-0.563924	0.446644
-0.622988	0.632078
-1.08208	1.07381
-1.31061	1.47681
-1.46101	1.75305
-1.80936	2.29401
-1.6794	1.41914
-1.63879	1.39605
-1.76091	1.52154
-1.64511	1.2128
-1.55087	1.07523
-1.55932	1.22057
-1.52121	1.13363
-1.5307	1.32963
-1.1688	0.985729
-1.35722	1.39826
-1.91209	2.85257
-1.8274	2.49672
-1.89167	2.51144
-1.75987	2.12693
-1.55386	1.59918
-1.55347	1.47135
-1.37109	1.08562
-1.268	0.950707
-1.69661	1.72638
-1.72986	1.85879
-1.51914	1.33864
-1.59534	1.49151
-1.7364	1.64755
-1.75522	1.78983
-1.66701	1.61277
-1.73161	1.70642
-1.52484	1.29035
-1.50288	1.26627
-1.33674	1.09445
-1.52281	1.36345
-1.22039	1.08391
-0.240679	0.113186
0.149312	0.278771
0.437129	0.351538
0.640262	0.378206
0.802722	0.724209
1.2078	0.650959
1.09513	0.594256
0.749711	0.395405
0.898367	0.360942
0.99258	0.503852
0.889512	0.323786
0.742519	0.173409
0.467646	-0.100544
0.609161	0.0125378
0.523636	0.0949644
0.0359614	-0.093152
0.069378	-0.0249941
-0.168051	0.223382
-0.384405	0.458926
-0.561573	0.609526
-0.585269	0.888574
-0.608683	0.785767
-0.623909	0.818643
-0.557032	0.790431
-0.809289	1.09107
-0.614271	0.824382
-0.713859	1.02155
-0.477127	0.861877
-0.499351	0.842924
-0.534501	0.914456
-0.394889	0.878795
-0.549478	1.18194
-0.539543	1.02252
-0.498196	0.994636
-0.444921	0.945339
-0.701256	1.25534
-0.603081	1.10194
-0.441655	1.15504
-0.573567	1.2323
-0.506432	1.05804
-0.500095	1.13803
-0.542253	1.0596
-0.335895	0.954725
-0.532865	1.1518
-0.676075	1.02234
-0.678265	1.2942
-0.675685	1.15925
-1.05626	0.863609
-0.683704	0.849628
-0.597101	0.187159
-0.692424	0.355614
-1.02303	0.723464
-1.09464	0.823079
-0.765048	0.740009
0.0747539	-0.528337
0.269751	-0.465805
-0.0444343	-0.386258
0.180347	-0.491898
-0.106005	-0.271641
-0.0757357	-0.373681
-0.0746474	-0.393197
-0.152755	-0.37726
-0.195856	-0.290686
-0.196301	-0.444686
-0.78198	0.489983
-0.858547	0.532094
-1.03743	1.00539
-0.907427	1.00319
-0.668045	0.717745
-0.703644	0.678039
0.421586	0.856358
0.421647	0.528372
-0.138683	-0.21785
-0.256318	0.287616
-0.535792	0.450322
-0.737217	0.597292
-0.914185	0.919097
-1.04256	1.0983
-1.16689	1.45098
-1.19637	1.56545
-1.23599	1.63576
-1.0767	1.28577
-0.955793	0.977239
-0.852728	0.611275
-0.773824	0.239723
-0.948393	0.156494
-1.45099	1.14449
-1.88462	1.99685
-1.88131	1.94384
-1.73829	1.59064
-1.82162	1.77794
-1.48469	1.06928
-0.860851	0.304327
-0.575382	0.18939
-0.698151	0.500917
-0.948482	0.844689
-1.22768	1.31147
-1.0873	1.02365
-1.22706	1.3496
-1.22281	1.15081
-1.2478	1.14798
-1.35131	1.22554
-1.34069	1.04743
-1.50307	1.40035
-1.82221	2.10854
-1.59223	1.49497
-0.991118	0.466938
-0.466791	0.459331
-0.0735906	0.44114
-0.0170219	0.454734
0.253727	0.558942
0.149096	0.640206
-0.264603	0.569213
-0.632043	0.783667
-0.995696	1.1928
-2.12722	2.82022
-2.00104	2.44448
-1.96497	2.39165
-1.95085	2.45917
-2.04361	2.82311
-2.16474	3.10678
-2.04047	2.62946
-2.01298	2.29972
-1.66551	1.62144
-1.93551	2.27596
-1.80515	1.98154
-1.79698	2.01348
-1.95557	2.59064
-2.06832	2.92459
-1.98988	2.70438
-1.90177	2.59041
-2.05674	3.05977
-2.01736	2.97414
-1.98956	2.87567
-1.55102	1.71995
-1.28877	1.46567
-1.18207	1.43232
-1.11234	1.31986
-1.13879	1.21524
-1.36075	1.36746
-1.78517	1.97449
-1.99788	2.2983
-2.09989	2.51331
-1.96217	1.93297
-1.94029	1.76759
-1.83803	1.46895
-1.14779	0.368614
-0.163495	-0.259282
0.166671	-0.424557
0.484786	-0.168112
0.54053	0.0665458
0.315268	0.182433
-0.0415509	0.17009
-0.554227	0.169688
-1.20319	0.58433
-1.65975	1.42715
-1.57708	1.26165
-1.62687	1.39699
-1.81824	1.92629
-1.83222	2.14407
-1.68974	2.04107
-1.46381	1.66668
-1.39715	1.592
-1.4385	1.67871
-1.6293	2.03622
-1.6543	2.11725
-1.6618	2.20242
-1.73386	2.35467
-1.91949	2.73196
-2.21683	3.45027
-2.2097	3.39732
-1.5787	1.6772
-0.926954	0.573997
-0.0957865	-0.131562
0.467866	0.109434
0.546311	-0.0344745
0.901937	0.184902
0.611462	0.143709
0.53011	0.491621
0.737094	0.643897
0.636565	0.766866
0.357384	0.595044
-0.331766	0.402271
-1.25936	1.25236
-1.55753	1.45078
-1.78686	1.68371
-2.21024	2.78653
-2.12338	2.74798
-2.15183	2.86431
-2.05392	2.91431
-2.15053	3.17154
-2.15826	3.15446
-2.16222	3.0599
-2.16789	3.01801
-2.00553	2.45723
-1.88679	1.92329
-1.82722	1.67968
-1.72658	1.51204
-1.54644	1.48834
-1.27668	1.0018
-0.932718	1.05548
-0.157616	0.756909
-0.0551071	0.849601
-0.69433	0.61783
-0.501565	0.4516
-1.00295	1.30109
-1.21405	1.20739
-0.79913	0.699464
-1.19011	1.22231
-1.03697	1.05556
-1.15951	1.20057
-1.32498	1.56154
-1.3612	1.69702
-1.40612	1.81803
-1.32366	1.67876
-1.26889	1.5138
-1.37622	1.65265
-1.50454	1.87491
-1.55058	1.86407
-1.64024	1.97615
-2.0063	2.5264
-1.86836	1.99736
-1.70823	1.69145
-1.93733	2.20628
-1.75512	1.80169
-1.92485	2.11928
-1.92696	2.24777
-1.5086	1.44867
-0.97987	0.669507
-0.693973	-0.104662
-0.589239	-0.241246
-0.702888	-0.0166948
-0.634117	-0.0777913
-0.600406	-0.11442
-0.64266	-0.0739387
-0.889781	0.168707
-0.99321	0.342607
-0.585061	-0.120246
-0.0841333	-0.137598
0.430667	0.0523944
0.413102	-0.134766
0.305503	-0.252176
0.363921	-0.219575
0.171529	-0.106141
0.256166	0.0875892
0.232487	0.346036
0.162289	0.220071
0.24904	0.120892
0.215777	0.103727
0.061035	-0.101464
-0.015303	-0.158876
-0.152659	-0.061697
-0.285891	0.0981759
-0.388316	0.326025
-0.803086	0.43043
-0.818704	0.831634
-0.867569	0.588692
-0.905342	0.86337
-0.870346	0.789693
-0.784951	1.03331
-0.799798	0.939864
-0.940137	1.10928
-0.838054	0.820634
-0.745786	0.787538
-0.728652	0.956721
-0.754887	1.0947
-0.726474	0.878566
-0.709814	0.93981
-0.450226	0.71003
-0.669508	1.0515
-0.610308	0.950393
-0.482833	0.85072
-0.658428	1.12069
-0.499825	1.02536
-0.782027	1.01287
-0.356333	0.50655
0.120815	0.344543
0.181859	0.34158
0.275611	0.293301
0.485439	0.517857
0.670233	0.692024
0.579056	0.657283
0.584263	0.50757
0.402074	0.403105
-0.152759	0.311124
-0.344465	0.459624
-0.711546	0.765544
-0.505167	0.560054
-0.410644	0.441293
-0.64206	0.608142
-0.525199	0.202417
-0.253122	-0.0449979
0.0465734	0.0150301
0.43453	0.18071
0.585881	0.407754
0.588597	0.473266
0.716111	0.531882
0.738419	0.672467
0.348775	0.338053
0.230102	0.53671
-0.0388342	0.812086
-0.237157	0.480667
-0.948873	0.974064
-1.28927	1.37985
-1.73558	2.24235
-1.72908	2.3947
-1.57781	2.25343
-1.2711	1.66299
-1.30633	1.75598
-1.21603	1.62005
-1.19306	1.61167
-1.30972	1.86906
-1.35383	1.99521
-1.35782	2.0537
-1.30312	1.97057
-1.22457	1.86059
-1.15475	1.72481
-1.06216	1.51537
-1.02018	1.35459
-1.0578	1.25228
-1.48884	1.73314
-1.57202	1.86117
-1.59161	1.69816
-1.70417	1.70261
-1.80717	1.83673
-1.96564	2.18053
-2.01259	2.10439
-1.79241	1.44651
-1.71746	1.30342
-1.84477	1.79742
-1.45536	1.33439
-0.146587	0.117344
0.062306	-0.0559558
0.905674	0.283869
0.977909	0.420813
0.986057	0.349242
0.903096	0.487524
0.812954	0.683567
0.767507	0.581767
0.467645	0.71912
-0.532398	0.602086
-1.56645	1.59976
-0.999134	0.860334
-0.741441	0.846913
-0.588461	0.7066
-0.506961	0.801941
-0.511192	0.750827
-0.712075	1.25679
-0.446081	0.925484
-0.487446	0.816991
-0.69658	1.01655
-1.29931	1.38163
-1.04867	1.24866
-1.79839	1.54794
-2.00284	2.08375
-2.06891	2.32598
-1.98694	2.02778
-2.00912	2.09247
-2.0495	2.54971
-1.94736	2.51753
-1.89027	2.31139
-1.91469	2.35918
-1.96411	2.42287
-2.00811	2.52575
-1.92611	2.25425
-1.87728	2.18206
-2.0119	2.52369
-2.07021	2.64343
-2.1282	2.98963
-1.98486	2.59278
-2.05252	2.85636
-2.08397	3.05073
-1.86356	2.53819
-1.48544	1.71155
-1.15577	1.26656
-1.0132	1.17138
-0.918989	1.11129
-0.866047	1.04096
-0.824539	1.04334
-0.811551	1.02933
-0.807344	0.98572
-0.851907	1.06691
-0.940399	1.1535
-1.05463	1.24026
-1.32414	1.63962
-1.53411	1.92448
-1.87722	2.43524
-1.69404	1.76728
-1.61922	1.37428
-1.73963	1.69434
-1.3444	0.833136
-0.743802	0.149917
-0.318461	0.190377
0.216905	0.259067
0.415184	0.384299
0.177795	0.241367
0.280349	0.33344
0.109753	0.272723
0.0986255	0.274692
0.243198	0.392327
0.427218	0.590368
0.323112	0.302932
-0.693228	0.175061
-0.987524	1.06942
-0.671054	1.21044
-0.718688	0.910259
-0.580233	0.978521
-0.390028	0.760678
-0.523716	0.803897
-0.555232	0.778024
-0.756722	1.04037
-0.445154	0.938911
-0.762495	1.04006
-0.886737	1.193
-0.381655	0.874011
-0.683805	0.649876
-0.707345	0.428451
-1.23378	1.23896
-1.70888	1.71573
-1.82478	1.5339
-1.77018	1.13927
-2.27241	2.31817
-2.3637	2.6904
-2.10362	2.10321
-1.93328	1.53617
-1.88223	1.36588
-1.55762	0.652336
-1.45019	0.621969
-1.26463	0.442614
-1.1276	0.587578
-0.73752	0.502959
-0.53188	0.517842
-0.360523	0.397825
-0.224241	0.31292
-0.311617	0.319463
-0.538075	0.285622
-1.31718	0.919621
-1.5785	1.24353
-1.54076	1.14212
-1.37361	1.02368
-1.34162	0.985086
-1.52886	1.37834
-1.52356	1.24336
-1.3891	1.06948
-1.33026	0.961604
-0.965464	0.826283
-0.637147	0.786438
-0.465665	0.635994
-0.413032	0.362163
-0.0227068	0.204974
-0.19337	0.22659
-0.0418489	0.172867
0.0938145	0.0528666
0.0440193	0.0431641
-0.0116522	0.0977058
0.0169526	0.0687856
0.0885469	0.00107318
0.0896556	0.00318131
0.0160228	0.0116749
-0.0860198	0.0846746
-0.226133	0.170338
-0.33724	0.302813
-0.512725	0.49625
-0.675055	0.697497
-0.873714	0.929292
-0.997919	1.01002
-1.27119	1.321
-1.36145	1.53444
-1.80513	2.33888
-1.49558	1.52985
-1.44562	1.5648
-1.69603	1.92677
-1.89484	2.33444
-1.64579	1.85666
-1.51481	1.49067
-1.40941	1.39115
-0.700428	0.482981
-0.195566	0.39688
0.0374285	0.578094
0.0436813	0.705106
0.227573	0.59901
0.296835	0.592291
0.390703	0.434929
0.341816	0.449396
0.363086	0.494487
0.310229	0.434737
0.155701	0.320607
-0.306499	0.10471
0.289954	0.179182
0.0252217	0.125463
0.29955	0.177687
0.275074	0.410368
-0.0470562	0.501835
-0.276782	0.655907
-0.383485	0.609255
-0.488698	0.740759
-0.775159	0.928425
-0.517723	0.763289
-0.606551	0.801672
-0.465014	0.781079
-0.559201	0.950522
-0.568806	0.939966
-0.367053	1.12369
-0.370335	1.13178
0.056307	0.734894
0.0290609	0.891286
0.121369	0.875923
0.268456	0.82246
0.326249	0.917599
0.199796	0.936301
-0.241914	0.559276
-0.447337	0.652788
-0.662305	0.785334
-0.607467	0.647729
-0.635907	0.699412
-0.594008	0.642462
-0.530749	0.614709
-0.617765	0.677311
-0.651316	0.575796
-0.67826	0.537369
-0.743452	0.693776
-0.749304	0.823566
-0.739276	0.889018
-0.848992	1.07355
-1.00538	1.26279
-1.32664	1.66343
-1.63279	1.98801
-1.89077	2.39006
-2.25645	3.28177
-2.12649	2.77752
-2.20181	2.93657
-2.17421	2.83391
-2.14159	2.58034
-2.17667	2.6743
-1.66056	1.54765
-1.2642	1.3049
-1.42614	1.72109
-1.5611	2.08698
-1.77809	2.39056
-1.83575	2.28464
-1.83428	2.34671
-1.78157	2.42861
-1.53303	2.05215
-1.47767	1.98742
-1.47864	1.96826
-1.58877	2.10165
-1.85034	2.5648
-2.15512	3.13329
-1.92172	2.67589
-1.92412	2.48665
-1.97489	2.28418
-2.09411	2.40288
-2.02261	2.09259
-1.95675	1.88477
-1.94201	2.08466
-0.950457	0.394286
-0.458383	0.309351
0.0263094	0.0119269
0.335123	0.382832
0.54032	0.61328
0.4112	0.295196
0.166082	0.379845
-0.0351258	0.314515
-0.837034	0.944639
-0.998336	1.17582
-1.35062	1.4517
-1.76712	2.19288
-1.825	2.19147
-1.49189	1.80383
-1.5491	1.91552
-1.45176	1.71094
-1.37867	1.52462
-1.42509	1.56139
-1.43714	1.51306
-1.51066	1.46469
-1.76212	1.77885
-1.85531	1.80073
-1.60157	1.56015
-1.48163	1.51872
-1.23688	1.17203
-1.12092	1.17986
-0.666997	0.624408
-0.635064	0.574796
-1.50825	1.31288
-1.58576	1.41211
-1.50999	1.52095
-1.72432	1.93583
-1.51135	1.57709
-1.72183	2.02774
-1.93658	2.42053
-1.86271	2.2625
-1.93122	2.10839
-1.78005	1.48929
-1.73399	1.51972
-1.70768	1.64703
-0.406894	-0.0330053
-0.117525	-0.0352147
0.324765	-0.393303
0.700787	-0.195045
0.240408	-0.362352
-0.239317	-0.317368
-0.963617	0.292719
-1.44419	1.24127
-1.57077	1.4922
-1.43453	1.24131
-1.39729	1.21389
-1.61163	1.81768
-1.79623	2.43882
-1.61266	2.03269
-1.54054	2.09529
-1.54185	2.04735
-1.54589	1.858
-1.65066	1.84535
-1.66063	1.67513
-1.9822	2.46631
-1.93333	2.33481
-1.96145	2.51711
-1.89973	2.30312
-1.59202	1.99336
-1.64586	2.03387
-1.73637	2.10155
-1.71055	1.97864
-1.67087	1.60381
-1.68798	1.38008
-1.65242	1.39202
-1.36147	1.30462
-0.369373	0.360247
-0.303301	0.591119
-0.810551	0.823475
-1.0867	0.807528
-1.67741	1.25801
-1.58495	1.27492
-1.64805	1.24725
-1.68564	1.39607
-1.74779	1.37073
-1.72056	1.23865
-1.6064	0.964846
-1.29153	0.955088
-1.44223	1.46513
-1.25403	1.2846
-1.077	1.10704
-0.445673	0.650971
-0.625154	0.953332
-0.771302	1.05852
-1.18553	0.660616
-1.4587	1.30923
-1.8539	1.94552
-2.03122	2.34527
-1.97099	2.0971
-1.95566	2.11436
-2.14328	2.78435
-2.06266	2.6395
-2.00942	2.50434
-2.00856	2.47285
-2.0559	2.6144
-1.7731	2.03964
-1.71876	1.99854
-1.67052	1.81282
-1.56816	1.52341
-1.67755	1.63989
-1.01077	0.738836
-0.995151	0.624233
-0.720633	0.349298
-0.479044	0.320929
-0.470401	0.359435
-0.637276	0.580211
-0.743275	0.672422
-0.286936	0.0954016
-0.26439	0.111366
-0.200818	0.127862
-0.406432	0.29395
-0.196363	-0.0388896
-0.223397	0.0560568
-0.194374	0.0979624
-0.448481	0.300323
-0.538585	0.446075
-0.370333	0.368991
-0.389926	0.385727
-0.649088	0.698158
-0.981139	0.750542
-1.1193	1.00448
-1.45023	1.34935
-1.56434	1.66652
-1.50409	1.56728
-1.58171	1.74803
-1.71555	1.85627
-1.98357	2.29317
-1.76848	2.03648
-1.74206	1.98705
-1.45815	1.61491
-1.56044	1.88715
-1.30562	1.40646
-1.15504	1.44506
-1.03193	1.23995
-0.858807	1.04923
-0.901915	1.20178
-0.865984	1.24272
-0.675141	0.984917
-0.790336	1.07275
-0.678724	1.05593
-0.545688	0.95153
-0.563409	0.993589
-0.474646	1.05094
-0.416388	0.933348
-0.738466	0.982022
-0.514813	0.913179
-0.0834796	1.11935
-0.538599	0.989971
-0.606805	0.890246
-0.606145	0.983825
-0.429687	0.792439
-0.0210098	0.613967
-0.238061	0.711294
-0.394119	0.840415
-0.651108	0.964539
-0.774921	0.817594
-0.752529	1.1357
-0.803482	0.934518
-0.753283	0.516958
-1.24133	0.696549
-1.7258	1.75922
-1.56677	1.76454
-1.72002	2.12147
-1.01176	0.858854
-1.4458	1.54748
-1.96998	2.72609
-1.77832	2.24587
-1.69418	1.95098
-1.88196	2.15858
-1.94357	2.2436
-1.86209	1.8855
-1.71154	1.55047
-0.688048	0.0205186
-0.284118	-0.0338243
0.0540005	-0.221288
0.401427	0.0661535
0.383948	0.353839
0.399001	0.247387
0.320331	0.419125
0.0276958	0.259024
-1.14643	0.766863
-1.6789	1.65012
-1.83651	1.92906
-1.7713	1.85893
-2.04724	2.61745
-2.40216	3.57842
-2.42949	3.65113
-1.95949	2.26764
-1.69446	1.74054
-1.70342	1.64509
-1.80098	1.77735
-1.82568	1.63276
-1.7428	1.38102
-1.70764	1.47044
-1.4971	1.17866
-1.37996	1.16549
-0.875821	1.11818
-0.323079	0.674077
-1.02094	0.730444
-1.70529	1.74078
-1.81172	1.72931
-1.9751	2.11819
-2.079	2.36203
-1.96772	2.11435
-2.00712	2.30759
-1.9212	2.10576
-2.15955	2.72784
-2.18337	2.71069
-2.16432	2.63009
-1.65552	1.61399
-1.92942	2.27413
-2.04073	2.4951
-2.04559	2.6016
-2.04151	2.64892
-2.27215	3.48255
-1.97835	2.73376
-1.91462	2.54459
-1.89426	2.3733
-1.89502	2.18672
-1.10005	0.47113
-0.492358	-0.167366
-0.13056	0.0366278
0.312982	0.0097531
0.42167	0.221282
0.36663	0.488555
0.0256118	0.513209
-0.0837819	0.432303
-0.225912	0.398746
-1.38533	1.04017
-1.8855	1.64336
-1.72503	1.38797
-1.80335	1.58305
-2.08423	2.36544
-2.04734	2.35987
-1.34932	0.814036
-1.02669	0.336226
-1.09097	0.377463
-1.01958	0.126772
-1.12524	0.616571
-1.09271	1.15051
-1.04801	1.01263
-0.731758	0.627802
-0.792101	0.656621
-0.95634	1.15537
-0.746283	0.871967
-0.828988	0.728899
-0.794397	1.06384
-1.15864	1.09488
-1.54503	1.77874
-1.43393	1.53171
-1.47308	1.68066
-1.40709	1.58925
-1.40421	1.60417
-1.31709	1.53697
-1.1663	1.12428
-1.09179	0.941877
-0.899937	0.659606
-0.490235	0.493407
-0.618314	0.475919
-1.05668	0.913757
-0.589896	0.61114
-0.189555	0.616316
0.337831	0.260118
0.353037	0.342523
0.63409	0.402877
-0.47525	0.0247093
-1.4062	1.34565
-1.47418	1.20084
-1.52273	1.3127
-1.52432	1.29412
-1.73111	1.76155
-1.79068	1.95422
-1.74549	1.80621
-1.80055	1.83812
-1.72109	1.59798
-1.66014	1.40478
-1.69957	1.43882
-1.50704	1.19
-1.38035	1.03602
-1.12633	1.10978
-0.958446	0.892758
-0.91641	0.711097
-1.05157	1.22303
-1.18208	1.37322
-0.917615	0.841157
-1.22063	0.87029
-1.86635	2.55372
-1.8678	2.7922
-1.76068	1.8245
-1.8298	2.57504
-1.70314	2.25203
-1.55674	2.04717
-1.36509	1.6203
-1.50537	1.97474
-1.51245	1.98954
-1.42294	1.94726
-1.57371	2.2311
-1.44549	2.01395
-1.48324	2.08559
-1.59222	2.16378
-1.83553	2.52842
-1.84518	2.43413
-1.85847	2.45446
-1.76612	2.18952
-1.72855	2.05937
-1.8103	2.22007
-1.89824	2.33906
-1.55291	1.7842
-1.01207	0.999655
-0.688368	0.531075
-0.590334	0.327264
-0.68859	0.31716
-0.838735	0.372186
-0.886928	0.37521
-0.733341	0.240857
-0.689342	0.245119
-0.754183	0.276896
-1.15454	0.585434
-0.784293	0.412304
-0.212078	-0.0534054
0.271231	0.104357
0.734785	0.319705
0.696635	0.300431
0.923552	0.429818
1.01756	0.32368
0.949302	0.179306
0.840469	0.539893
0.742366	0.42191
0.782324	0.47525
0.593635	0.297036
0.697683	0.285562
0.600606	0.469874
0.334844	0.2622
0.532359	0.401836
0.340878	0.148917
0.06406	0.221218
0.312828	0.384835
0.114804	0.320799
-0.258682	0.359447
-0.194103	0.645771
-0.31447	0.534682
-0.511636	0.881479
-0.50963	0.795805
-0.562855	0.850263
-0.641409	1.00525
-0.60297	1.16583
-1.43161	1.45192
-2.09722	2.9373
-2.24962	3.31794
-2.31997	3.40949
-2.1156	2.84235
-2.19417	3.0356
-2.06777	2.67513
-2.09976	2.59288
-2.02463	2.17789
-1.9191	1.6911
-1.4602	1.19631
-0.28529	1.10386
-0.697513	0.941162
-2.25597	3.03447
-1.78727	1.64202
-1.55492	1.06211
-2.11636	2.44458
-2.26666	3.03071
-2.32541	3.30488
-2.06726	2.51955
-2.34672	3.35052
-2.27689	3.18305
-2.19629	2.83212
-2.35351	3.22123
-2.15198	2.84227
-1.97116	2.68125
-1.88005	2.47285
-1.77699	2.24214
-1.78474	2.29905
-1.87894	2.39352
-2.10788	2.70837
-1.92639	1.98329
-2.01574	2.18878
-1.83986	1.7579
-1.81253	1.63671
-1.72314	1.37291
-1.70283	1.26145
-1.66846	1.07034
-1.60406	0.879075
-1.60449	0.861547
-1.65486	0.917128
-1.59591	0.848528
-1.5401	0.734958
-1.54439	0.758015
-1.54214	0.796338
-1.53989	0.753278
-1.59647	0.955654
-1.54713	0.897263
-1.6336	1.16989
-1.74204	1.42647
-1.72429	1.37107
-1.90209	1.76222
-1.93104	1.92379
-1.99548	2.15894
-2.00146	2.24906
-2.03768	2.37139
-1.9559	2.15826
-2.40241	3.3715
-1.83136	2.23925
-1.8432	2.37742
-1.72779	2.1262
-1.77722	2.26683
-1.72712	2.12766
-1.81071	2.2354
-1.87401	2.11905
-1.88148	2.00669
-1.8993	1.92031
-1.80361	1.56716
-1.03595	0.898672
-0.660452	0.928785
-1.13563	0.86438
-1.92227	2.37486
-1.70215	1.68322
-0.684389	0.244125
0.464028	0.166949
0.0840849	-0.193427
-1.21406	0.904356
-1.87784	2.28734
-2.03585	2.71506
-1.93014	2.43229
-2.15734	3.0066
-2.26282	3.29624
-2.30695	3.28885
-2.33232	3.22271
-2.05208	2.95067
-1.90381	2.5276
-2.038	2.90633
-1.99048	2.82688
-2.14489	3.18017
-2.08259	2.60746
-2.29582	3.40362
-2.18824	3.26863
-1.93943	2.6225
-1.82848	2.16185
-1.88319	2.11738
-1.94569	2.04572
-1.9833	2.05891
-1.5206	1.33028
-1.21688	0.973065
-1.09237	0.961978
-0.382434	1.11598
-0.498037	1.14671
-0.336791	0.627843
-1.24688	1.22533
-1.15876	1.17742
-1.40811	1.425
-1.65909	2.22234
-1.87275	2.64852
-1.41177	1.34763
-1.64999	1.4793
-1.64046	1.45843
-1.61985	1.50714
-1.51208	1.11161
-1.54309	1.00433
-1.63195	1.19733
-1.40414	0.853498
-1.42054	1.01286
-0.616677	0.035151
-0.0369903	0.138104
-0.19895	0.0428884
-0.0454446	-0.0081521
0.453362	-0.101847
0.1111	-0.0693207
-0.384347	0.278869
-1.33884	1.42749
-1.25177	1.63846
-1.45369	1.87946
-1.58925	1.98416
-1.90412	1.98592
-2.04314	2.22906
-1.8479	1.80839
-1.776	1.57378
-2.04889	2.18273
-2.24482	2.36637
-1.96861	1.79386
-2.30798	2.40981
-1.99864	1.87061
-1.86214	1.63536
-1.75624	1.42089
-1.36051	1.02753
-0.841007	0.725847
-0.642018	0.649368
-0.654118	0.966831
-0.711303	0.941812
-0.616347	0.825642
-0.649821	0.925511
-0.719147	1.04781
-0.625383	0.806127
-0.551373	0.847446
-1.07519	0.954846
-1.14209	0.982753
-0.796268	0.662714
-0.768939	0.699311
-0.600433	0.671834
-0.839769	1.00315
-1.02504	1.24986
-0.793231	0.983082
-0.650396	1.03819
-0.717799	1.00555
-0.710816	1.02764
-0.443495	0.738464
-0.759829	0.941151
-0.318697	0.831079
-0.612372	1.02497
-0.69153	0.986496
-0.291216	0.998993
-0.443263	0.972525
-0.370909	0.763035
-0.45885	0.924788
-0.569228	1.02224
-0.414822	0.774194
-0.63667	0.851814
-0.669244	0.794504
-0.98524	0.854973
-1.4064	1.42195
-1.15568	1.26047
-1.85618	2.57159
-2.01066	2.90822
-1.96019	2.72029
-1.89245	2.55417
-1.63228	1.89327
-1.61316	1.72373
-1.63013	1.59303
-1.59228	1.30868
-1.67839	1.27703
-1.64717	1.10869
-1.62038	1.03376
-1.44417	0.626876
-1.44749	0.629655
-1.38094	0.47797
-1.35811	0.539067
-1.23628	0.35753
-1.03348	0.128146
-0.948021	0.105196
-0.889834	0.174341
-0.826055	0.296578
-0.789732	0.463503
-0.705148	0.595107
-0.459421	0.511692
-0.226023	0.431214
-0.0183761	0.368149
0.055086	0.332888
0.00781183	0.350141
-0.144139	0.372612
-0.29573	0.49694
-0.50674	0.711805
-0.837635	1.10667
-1.23798	1.7304
-1.60719	2.34346
-1.46911	1.96446
-1.60389	1.95197
-1.50634	1.48548
-1.91378	2.34498
-1.9106	2.22823
-1.78854	1.99119
-1.68128	1.71022
-1.73144	1.90806
-1.96342	2.55933
-1.93716	2.56748
-1.66974	1.8557
-2.05632	2.57769
-1.88955	2.2632
-1.86639	2.22983
-1.86157	2.21391
-1.70201	1.81706
-1.67104	1.78447
-1.55388	1.55924
-1.49731	1.5042
-1.50183	1.48176
-1.53756	1.42131
-1.55119	1.27574
-1.4153	0.885292
-1.15971	0.559068
-1.05625	0.451191
0.198907	-0.352547
0.545568	-0.180463
0.650056	-0.0700054
0.923585	0.34517
0.93486	0.544474
0.520757	0.495247
0.682691	0.679045
0.305689	0.455615
-0.079769	0.574033
-0.760368	0.815794
-1.62189	1.43528
-1.84348	1.97794
-1.93898	2.26159
-2.04144	2.62956
-2.01229	2.6007
-1.92117	2.37912
-1.9871	2.52675
-2.00129	2.4814
-1.91804	2.08946
-1.79945	1.63387
-1.27018	0.790405
-1.0676	0.755047
-0.838909	0.76621
-0.498978	0.553447
-0.70727	0.306992
-2.11583	2.52464
-1.66314	1.23087
-1.69658	1.36754
-1.69869	1.4003
-1.80661	1.57755
-1.69634	1.32363
-0.84165	-0.105671
-0.20707	-0.226185
-0.00353977	-0.0772152
0.0988096	0.17124
-0.0548738	0.261973
-0.0349829	0.434089
-0.136078	0.733418
-0.390635	0.949002
-1.10131	1.22571
-1.77532	2.10052
-2.25579	3.21686
-2.05639	2.52749
-2.15367	2.90859
-1.90207	2.23608
-1.81394	2.07852
-1.51313	1.41876
-1.38261	1.23049
-1.11607	0.901206
-0.753928	0.659293
-0.993966	1.1516
-0.856282	1.12525
-0.832623	0.849086
-1.14018	1.37566
-0.935191	1.38389
-1.08831	1.2021
-1.13549	1.36506
-1.53221	2.08906
-1.35899	1.64733
-1.50323	1.84268
-1.94963	2.50325
-2.10858	2.94178
-1.95865	2.44023
-2.05967	2.68074
-1.9597	2.53035
-1.95854	2.49073
-1.97096	2.41479
-1.99906	2.25817
-1.53759	1.18089
-1.14832	0.411337
-0.80685	-0.233278
-0.489505	-0.12034
-0.359785	-0.255121
-0.102051	0.150791
0.0243224	0.107287
0.220953	0.498097
-0.118897	0.525407
-0.405341	0.571049
-0.969138	0.391394
-1.95178	2.0096
-2.16018	2.44116
-2.31718	2.84228
-2.28348	2.67426
-2.25338	2.63052
-2.12648	2.38102
-2.11247	2.27369
-2.1127	2.12839
-2.18226	2.34899
-1.70627	1.16148
-0.871262	0.109093
-0.175665	-0.0538284
0.689707	0.378982
1.08609	0.578467
1.15811	0.604966
1.26878	1.09478
1.19677	0.892523
1.15337	1.15445
0.935389	1.3217
0.590432	0.920554
0.288764	1.1487
-0.648416	0.939888
-1.65296	1.20417
-1.63028	1.32615
-1.43474	1.04574
-1.42416	0.987046
-1.34787	0.797611
-1.47736	1.08836
-1.73118	1.69669
-1.87443	2.07738
-1.84823	2.04585
-2.03714	2.46587
-2.16669	2.96144
-2.06412	2.80731
-1.797	2.23731
-1.68889	2.06667
-1.69814	1.9954
-1.65616	1.90185
-1.79303	2.25623
-1.89626	2.35029
-1.84869	2.14134
-1.75987	1.92807
-1.94946	2.46462
-1.80234	1.98999
-1.831	2.02839
-1.95162	2.04049
-1.60663	1.53745
-1.70554	1.68007
-1.5932	1.51438
-1.78265	1.7648
-1.80197	1.6479
-1.71885	1.76202
-1.51769	1.48747
-1.43962	1.33539
-1.32877	1.2755
-1.40306	1.46441
-1.21236	1.3722
-0.0773391	0.957365
-0.31339	0.835858
-0.588154	1.15649
-0.451473	1.1554
-1.39737	1.23868
-1.91002	1.83422
-2.09846	2.44038
-2.01996	2.07531
-2.05624	2.23388
-2.00358	2.10046
-1.62233	1.4851
-1.78077	2.20416
-1.80013	2.29103
-1.70989	2.06081
-1.11576	0.901943
-1.41909	1.41402
-1.82941	2.18423
-1.97136	2.4155
-1.98803	2.64796
-2.07203	2.85753
-1.79039	2.08913
-1.37893	1.32211
-1.93036	2.5465
-2.13438	2.92055
-1.8637	2.07243
-1.61303	1.37778
-1.5407	1.22506
-1.21577	0.92767
-0.714615	0.784234
-0.329404	0.634979
-0.548166	0.816211
-0.785044	0.828703
-0.832756	0.517588
-0.902755	0.359821
-1.28324	0.919996
-1.58924	1.41666
-1.55761	1.34325
-1.55807	1.31506
-1.63265	1.36631
-1.68134	1.37721
-0.408434	-0.413376
0.0688372	-0.450582
0.398369	-0.274505
0.361898	-0.114541
0.434029	0.0346932
-0.32751	-0.135396
-1.2659	0.629101
-1.55812	1.03197
-1.83224	1.44095
-1.75865	1.32236
-1.73175	1.18746
-1.66302	1.12536
-1.59704	1.17063
-1.49037	0.998351
-1.28275	1.03406
-1.60442	1.34397
-1.84912	1.8465
-1.88402	1.87879
-1.87021	2.03544
-1.78666	1.99871
-1.98799	2.52842
-1.82382	2.00952
-1.78934	2.01061
-2.2158	3.08779
-2.30625	3.15898
-2.14161	2.37114
-1.76959	1.66009
-1.53819	1.34506
-1.46659	1.3724
-1.02629	0.997223
-0.917178	0.904569
-0.907202	0.856657
-1.2096	1.06249
-1.42386	0.974078
-1.73524	1.32015
-1.93927	1.63697
-1.81146	1.31768
-1.98812	1.97802
-1.80601	1.71
-1.41319	0.861696
-1.48815	0.961998
-1.581	1.4384
-1.20128	0.900656
-0.445918	0.814591
-0.296654	0.794966
-0.175713	0.726075
-0.709427	0.694448
-1.20947	1.00713
-1.75031	2.35068
-1.87269	2.78804
-1.57429	2.20163
-1.74587	2.60231
-1.63621	2.30622
-1.75743	2.48337
-1.87621	2.58729
-2.02085	2.8521
-1.88184	2.46783
-1.77185	2.07851
-1.90896	2.26128
-1.82789	1.78115
-1.75299	1.51408
-0.654421	0.347526
-0.152584	0.48096
-0.0203545	0.497729
0.111682	0.385186
0.390626	0.514483
0.305389	0.545376
-0.574244	0.311799
-1.48646	1.11687
-1.50935	1.32979
-1.45151	1.3384
-1.48278	1.31556
-1.7492	1.76989
-1.89814	2.20041
-2.08292	2.743
-1.85368	2.17471
-1.7639	1.9767
-1.7244	1.98803
-1.55781	1.72218
-1.40827	1.52659
-1.18347	1.22706
-1.01734	1.08191
-0.771194	0.81774
-0.548575	0.509196
-0.517754	0.278153
-0.8129	0.358478
-1.95351	2.57782
-2.01047	2.6383
-1.9167	2.29449
-1.93869	2.2803
-1.91363	2.0693
-1.58192	1.21315
-1.42791	1.12407
-1.25672	1.13536
-1.00528	0.9606
-0.205648	0.637653
-0.335505	0.871455
-1.36119	1.45855
-1.48286	1.69883
-1.54682	1.58979
-1.57641	1.59108
-1.76746	2.03305
-2.06668	2.89691
-1.95945	2.71902
-1.41256	1.50323
-1.62797	2.12046
-1.8405	2.61931
-2.05906	2.84367
-2.14464	2.75846
-2.13429	2.53043
-2.04458	2.2997
-1.91245	2.04953
-1.87384	1.98878
-1.67963	1.55366
-1.72755	1.67528
-1.88051	2.05415
-1.87029	2.08122
-1.7509	1.92109
-1.66046	1.8123
-1.76183	2.1849
-1.79861	2.31821
-2.11356	3.02077
-1.98197	2.84949
-1.79912	2.46766
-1.86015	2.57644
-1.77931	2.32647
-1.69639	1.94828
-1.08104	0.755216
-0.925859	0.380537
-0.624345	0.0029878
-0.459636	-0.0438186
-0.328655	-0.112662
-0.190084	-0.139223
-0.227642	-0.024285
-0.41051	0.28319
-0.767287	0.775465
-1.00256	1.15759
-1.34261	1.73296
-1.51339	1.98399
-1.56118	1.95777
-1.79445	2.31868
-2.05949	2.88869
-1.83783	2.45706
-1.76814	2.31364
-1.21016	1.12695
-1.73276	2.19457
-1.46811	1.63753
-1.33963	1.37611
-1.26642	1.17124
-1.41816	1.30906
-1.40293	1.06375
-1.51762	1.06259
-1.59021	1.09575
-1.7095	1.30574
-1.83429	1.69382
-1.83108	1.8768
-1.93306	2.22507
-1.93298	2.30831
-1.71661	2.13398
-1.77837	2.30133
-1.69866	2.11577
-1.68893	2.07217
-1.77276	2.22481
-1.57078	1.71369
-1.04701	0.501619
-0.580083	-0.0933539
-0.396046	-0.17171
-0.193523	-0.00397014
-0.111785	0.252299
-0.169816	0.429594
-0.318773	0.527577
-0.484977	0.607068
-0.738287	0.748879
-1.20176	1.20796
-1.47605	1.3304
-1.42564	0.855219
-0.821057	0.261166
-0.255257	0.0411314
0.477649	0.290569
0.632557	0.212946
0.552924	0.279211
0.64216	0.586499
0.507131	0.47627
0.284887	0.377164
0.22224	0.499969
-0.245931	0.609996
-0.596866	0.636501
-0.662048	0.791528
-1.14405	1.24059
-1.69469	1.53986
-1.49538	1.18161
-1.39049	0.699116
-1.4681	0.85603
-1.53499	1.05875
-1.60721	1.51007
-1.495	1.30166
-1.29084	1.28944
-0.876553	0.968902
-0.761981	1.04248
-0.525952	0.895903
-0.21848	0.602764
-0.167784	0.536283
-0.193063	0.55807
-0.290401	0.534342
-0.531285	0.724049
-0.929999	1.17463
-1.03055	1.23927
-1.20111	1.38566
-1.2667	1.29791
-1.10498	0.916828
-1.24903	0.991116
-1.35077	0.988414
-1.20162	0.929042
-0.974829	0.767742
-0.876883	0.929437
-0.457894	0.577745
0.177435	0.823028
-0.557874	0.794107
-0.342843	0.559028
-0.238297	0.494783
-0.407434	0.270909
-0.814252	0.45315
-0.496117	0.0300776
-0.515957	0.358069
-0.567186	0.547768
-0.665381	0.709285
-0.886135	1.25304
-0.364845	0.683577
-0.4658	1.09248
-0.387132	0.857226
-0.617534	0.798799
-0.66027	0.928535
-1.04375	1.35884
-1.05045	1.26164
-0.704288	0.736006
-0.987512	1.23745
-1.5559	1.93747
-1.84609	2.12549
-1.83738	2.08684
-1.94958	2.15236
-1.69772	1.72475
-1.90895	2.21787
-1.67152	1.78395
-1.56422	1.96246
-1.27501	1.52754
-1.28184	1.54286
-1.2119	1.26925
-1.16786	1.20904
-1.01568	1.18487
-0.818299	1.26938
-0.552299	0.770976
-0.623314	0.927073
-0.720543	1.10883
-0.647916	1.05172
-0.579616	0.838071
