2.68495	0.43778
3.10461	0.665128
3.00097	0.7453
3.1338	0.612812
2.99878	0.599635
2.89196	0.686059
2.78189	0.76889
2.96478	0.616269
2.91125	0.586491
2.88061	0.729368
2.79315	0.504171
3.01871	0.575205
2.88637	0.6214
2.79749	0.690764
2.96763	0.669865
3.94048	1.89675
4.6842	2.03729
4.90767	1.9875
5.26915	2.19645
5.4059	2.13924
5.56878	1.98538
5.54539	1.99486
5.57357	1.90534
5.37143	2.10389
5.16813	2.0005
5.19952	1.94567
5.27257	1.97115
5.29938	1.91745
5.31843	1.93106
5.34897	1.96909
5.32185	2.0507
5.38948	2.00197
5.42377	2.01693
5.4531	1.92538
5.39544	1.98437
5.43471	1.90954
6.20833	1.54283
6.75571	1.64289
6.85997	1.45131
6.97931	1.28456
6.96664	1.25646
6.84479	1.43687
6.83812	1.40954
6.92195	1.15143
6.75345	1.27752
6.64496	1.24141
6.38833	1.18015
5.50301	0.861214
5.96955	0.551394
6.32007	0.768876
6.63451	0.577616
6.94551	0.0836917
6.99563	-0.0491522
6.91983	-0.0187911
6.79599	0.14031
6.72121	0.229967
6.55251	0.439096
6.04768	0.862169
4.67425	1.28319
4.4488	1.36455
4.72973	1.48862
4.80045	1.68108
4.99686	1.66055
4.97311	1.75222
5.05373	1.8092
5.14368	1.80413
5.11968	1.85301
5.55458	1.60337
6.10519	1.61574
6.29128	1.64326
6.36857	1.53522
6.38387	1.447
6.35851	1.43662
6.34545	1.22915
6.22632	1.07848
5.86664	0.908832
5.36017	0.701781
5.05262	0.392927
4.70656	0.348026
4.90785	0.448318
5.03162	0.54362
5.36893	0.538345
5.38822	0.845967
5.56874	0.973326
5.84409	0.941595
6.08281	0.976557
6.17898	1.11303
6.1121	1.25955
5.74428	1.48289
4.9538	1.85202
4.55909	1.86009
4.38639	2.00109
4.29268	1.9945
4.09793	1.89303
4.66013	1.09705
4.5684	0.986402
4.31762	0.707777
4.7861	-0.342757
4.82605	0.0880906
4.79304	-0.180311
4.68586	-0.271775
3.63609	0.486667
3.25549	0.478328
3.17607	0.751355
3.37518	0.973278
4.49458	1.97559
4.80511	2.17694
5.02736	1.91341
6.45533	0.501064
6.50221	0.923367
5.84509	1.57487
5.42123	1.88829
4.97166	1.95133
4.49975	1.96538
4.09936	1.77421
3.78936	1.40992
3.7842	1.20717
3.79179	0.672166
3.74664	0.140029
3.8371	-0.184677
3.90771	-0.417166
4.20791	-0.875365
4.44795	-0.958381
4.74652	-1.41311
4.80814	-1.01416
4.64702	-0.756233
4.30144	-0.693015
4.27909	-0.113502
3.94633	-0.0149818
3.43481	0.43914
3.08235	0.612963
3.07703	0.376742
3.00761	0.611449
2.90755	0.610867
3.02447	0.727314
3.23444	0.668727
3.52583	0.630068
3.68171	1.12664
4.67416	1.28583
6.13156	1.25651
4.45279	1.27801
3.5032	1.43649
5.54576	0.145853
6.21803	0.714984
6.55426	1.18381
6.60028	1.16734
6.59066	1.21851
6.54903	1.26443
6.45919	1.37943
6.43171	1.34794
6.49024	1.16411
6.46067	1.21013
6.26642	1.50956
6.23338	1.59015
6.13227	1.79822
5.93242	1.94517
5.76049	2.05642
5.96934	1.96983
5.83783	2.10708
5.60186	2.21116
4.64525	1.85989
3.57017	1.80973
3.61585	1.5925
3.46288	1.66273
3.54448	1.6422
3.44179	1.59847
3.27625	1.44835
3.63378	0.923515
4.44305	0.270496
3.54936	0.958408
3.58961	1.12172
3.47441	1.2613
3.54681	1.05479
3.68913	1.11223
3.8654	1.58242
4.15218	1.79277
4.60285	1.78777
5.06789	1.80678
4.92109	1.96112
4.71679	1.54169
4.71549	1.9919
5.78616	2.2594
4.80835	1.74876
4.59886	1.43041
3.84837	1.58584
4.11243	2.20468
3.83516	1.94524
3.7746	1.94444
3.63412	1.75316
3.59409	1.57856
3.39066	1.54433
3.45095	1.34021
3.33162	1.37531
3.13103	1.21771
3.19793	1.04633
3.0373	0.82408
2.88787	0.626651
3.0607	0.453876
2.97056	0.547532
3.09034	0.741415
2.93534	0.648931
2.7193	0.507065
2.94549	0.582129
2.98358	0.615285
2.93493	0.514647
2.6433	0.681484
2.99095	-0.164074
3.15648	0.0213275
2.67069	0.670652
2.65345	0.530443
2.58144	0.730376
2.68518	0.664562
2.75284	0.762273
2.67914	0.679332
2.62844	0.410126
2.68774	0.265577
3.03546	0.552447
5.80339	0.246573
5.72075	0.440475
6.14111	1.38974
6.31069	1.2583
5.37679	1.16672
5.34072	0.843288
5.89373	1.19948
6.24278	1.44754
6.51794	1.39099
6.57954	1.43114
6.68077	1.35247
6.6423	1.45297
6.69131	1.32047
6.64166	1.29045
6.43715	1.33141
6.33411	1.26121
6.11385	1.16861
5.8207	1.14807
5.62386	1.16303
5.4447	1.19233
5.34376	1.15757
5.32982	1.11798
5.56388	0.865263
5.9253	0.501096
6.23322	0.433222
6.55371	0.366736
6.82257	0.407058
7.0698	0.502248
7.10845	0.703279
6.89048	0.960693
6.58925	1.17288
6.26954	1.31892
6.04097	1.43011
5.92778	1.43153
5.89663	1.55304
5.64774	2.06615
4.92453	2.24375
4.36535	1.63091
5.54835	1.35409
5.95466	1.80545
5.72628	2.09981
5.31485	1.56716
6.07975	1.73185
6.53735	1.80192
6.80362	1.51482
6.95104	1.35271
7.143	1.20347
7.31706	1.00901
7.3358	1.01487
7.39091	0.919691
7.40719	0.917804
7.36514	1.01886
7.35413	1.06639
7.28559	1.16639
7.1298	1.34539
6.93559	1.52512
6.7193	1.43806
6.48875	1.41432
6.40536	1.39169
6.37443	1.3378
5.9652	1.56288
5.36936	1.63535
5.38146	1.59816
5.32161	1.66801
5.27854	1.74536
5.39837	1.64065
5.48625	1.67798
5.99092	1.67774
6.44856	1.25118
6.42183	1.23605
6.25433	1.37832
5.8665	1.58375
5.29324	1.56409
4.93627	1.85792
4.87139	1.89799
4.78203	1.8963
4.57961	1.85572
4.28764	1.92496
4.45334	1.8254
4.042	1.8885
3.56544	1.43019
2.94603	1.07335
2.98566	1.02874
2.94902	0.953496
5.10225	0.59132
6.34978	0.488742
4.84168	0.46936
5.84051	1.64078
6.54104	1.41227
5.86816	1.83766
6.06965	2.22632
4.6049	2.33253
3.79791	1.80825
3.47733	1.59871
3.29106	1.69877
3.80362	1.12179
5.27429	0.697887
4.84447	1.01507
4.47108	1.29965
5.56376	1.77325
6.21812	1.22883
6.24089	1.18924
6.04677	1.24361
5.55976	1.4534
4.62736	1.51114
3.41417	1.50831
3.07392	1.28138
3.14732	1.18097
4.94308	0.568555
4.99203	0.52983
3.95969	0.78763
3.64366	1.15633
5.35533	1.74821
5.79004	1.64156
5.74043	1.76986
5.30387	1.43638
4.76385	1.25548
4.80192	0.328071
4.88723	-0.418514
4.79413	-0.637822
4.76131	-0.885439
4.79008	-1.29859
4.82838	-1.26782
4.68034	-1.13979
4.607	-0.953155
4.64285	-0.715391
4.45253	-0.312628
4.68357	1.1379
5.40761	1.03805
5.81308	1.02141
5.6236	1.24366
5.64103	1.08384
4.65718	1.25086
4.37231	0.477485
4.52965	-0.155375
4.38782	-0.388009
4.08201	-0.0967662
3.48074	0.114503
3.47366	0.297701
3.25078	0.212579
3.09502	0.187659
3.14694	0.23248
3.34203	0.942066
3.33933	0.62486
3.79967	0.799654
5.07002	1.91484
5.5593	2.24755
4.88901	2.43502
5.04818	2.29714
4.95971	1.7746
4.68482	1.85846
4.63017	1.90301
4.6921	1.69062
4.77219	1.36713
4.77989	1.08604
4.9178	0.890584
5.05674	0.850724
4.79004	1.45848
4.20387	1.88196
3.9645	2.12167
3.92557	1.96318
3.92221	1.81035
3.85418	1.79238
3.6574	1.73153
3.25648	1.64572
3.1467	1.46538
3.09155	1.35353
2.95089	1.1629
5.09656	0.938791
4.65734	0.907858
4.2081	0.719478
3.63884	1.12723
3.98282	1.91451
5.00874	2.05574
5.21982	1.95852
5.22645	2.08606
4.67647	2.1615
4.04044	1.90257
4.7224	1.48538
5.10954	1.51965
4.69295	1.3687
3.74689	1.08406
2.93267	1.18775
2.98501	1.00241
2.91287	0.966517
2.93597	1.04367
3.86927	0.891263
4.72501	1.21462
3.87023	1.11029
5.1719	1.65977
5.79595	1.95092
5.96118	2.01148
6.18074	1.77096
6.26022	1.77811
6.38129	1.62614
6.33447	1.66713
6.24024	1.72824
5.95362	1.87353
5.46608	1.98196
4.55922	1.80744
4.36799	1.86713
4.21633	1.80752
3.96396	1.92231
3.73538	1.85691
3.61478	2.04061
3.70195	1.85203
3.41055	1.7035
3.42636	1.50868
3.12512	1.4869
3.11096	1.2358
2.89105	1.11693
2.8688	1.15802
2.83787	1.18017
2.43254	0.400133
2.90495	0.449091
2.91463	0.626127
2.90902	0.54566
2.84584	0.414655
2.90606	0.5659
2.85609	0.460308
2.89926	0.689861
3.09943	0.759139
2.97921	0.744588
3.16877	0.50188
5.56122	0.479136
6.7347	0.809452
6.69531	1.03732
6.30009	1.04996
5.93925	1.1441
5.59957	1.03222
5.32212	0.614567
5.35404	0.28933
5.3944	0.16856
5.1754	-0.220366
5.35048	-0.318292
5.33664	-0.409074
5.3704	-0.358478
5.40976	-0.313904
5.52525	-0.183514
5.74347	0.0164612
5.52213	0.00469286
5.49385	0.0868302
5.55258	0.0464226
5.36488	0.329509
5.25044	1.29182
6.18173	2.01615
6.55467	1.88761
6.62261	1.88833
6.4878	1.89221
6.07737	1.95164
5.45305	1.96189
5.36211	0.775498
5.15781	0.0729529
5.11977	-0.229077
4.79456	-0.457741
4.83077	-0.617215
4.79665	-0.558103
4.62887	-0.0652603
5.30657	0.937833
5.98759	1.17513
6.22919	1.29472
6.19922	1.05516
5.50527	1.35062
5.72452	1.6149
5.8547	1.64821
5.64801	1.79418
5.52116	1.74971
5.37134	1.75327
5.21102	1.82779
5.15307	1.85278
6.08359	1.7985
6.56323	1.91946
6.65828	1.87414
6.53895	1.79562
6.21306	1.88775
5.76602	1.86545
4.95675	1.87281
3.88704	1.87432
3.48216	1.41816
3.40487	1.18482
3.59019	1.3739
3.91327	1.52588
3.56285	1.79939
4.74491	2.20999
5.14939	2.37095
5.2593	2.2757
5.30165	2.10684
5.23206	2.01671
5.01171	2.01476
4.62147	2.16796
4.32085	1.85589
4.29376	1.62411
4.62924	0.728434
4.98529	0.385929
4.96411	0.146455
5.03788	-0.0496461
4.72847	-0.153758
4.89758	-0.0627928
5.32613	-0.141112
5.13125	0.345678
4.77937	0.424575
5.47037	0.864803
6.03916	0.95265
6.19312	1.03128
6.27517	1.04617
6.2212	1.04833
5.94607	1.26257
5.50222	1.53796
5.02076	1.69425
4.58074	1.80504
4.37773	1.96521
4.47756	1.93262
4.32697	2.17229
4.6103	2.0051
4.78991	1.89826
5.02746	1.85266
5.18992	1.87422
5.4495	1.82566
5.63889	1.68283
4.66754	1.48909
3.9698	0.950028
4.91406	0.362762
4.41055	0.734216
4.28362	1.84426
6.10019	1.74373
6.42726	1.74611
6.70161	1.54481
6.6426	1.72228
6.75026	1.53696
6.75029	1.42038
6.69874	1.25844
6.51283	1.13455
6.34446	0.820241
6.11072	0.455767
5.942	0.192356
5.71252	0.06104
5.36316	0.18499
4.98119	0.566489
4.63658	0.923945
4.59196	1.03482
4.44873	1.04622
4.45345	1.17749
4.37185	1.31121
4.45801	1.3012
4.39574	1.28657
4.40064	1.27903
4.3843	1.12664
4.44448	0.627884
4.63086	0.00509031
4.83269	-0.478903
4.82608	-0.787997
4.89978	-0.742663
4.97318	-0.874446
5.15575	-0.898137
5.13793	-1.04613
4.84622	-0.946559
4.71993	-0.781746
4.51309	-0.338714
4.04584	0.262065
3.87876	0.948417
4.46886	1.70289
5.64912	1.91757
5.82243	1.85922
6.15767	1.61605
5.90644	1.65297
6.25367	1.79142
5.44776	2.01067
6.09854	2.09004
5.08731	2.20148
5.50815	2.25513
5.06951	2.47862
4.76945	2.25156
4.47079	2.21721
4.02912	2.05199
3.702	1.99934
3.47405	1.51725
3.25198	1.20142
3.20322	1.20371
3.08714	1.15379
3.14717	1.20767
3.06205	0.970964
2.87056	0.793525
2.81358	0.790677
2.96622	0.70545
2.94744	0.62754
2.96271	0.487638
2.8332	0.732917
2.8283	0.533799
3.07713	0.706556
2.86616	0.776256
2.89397	0.597479
3.00958	0.435588
2.90932	0.693635
2.96493	0.631015
2.98304	0.57881
2.85738	0.692698
2.92685	1.04377
3.12271	1.22131
3.42861	1.69333
3.56704	1.5595
3.61653	1.54111
3.70056	1.64212
3.51217	1.68819
3.69405	1.32925
4.9241	0.921922
4.73442	0.999333
4.76778	0.814985
4.91103	0.95888
4.95997	0.934794
4.88588	0.79219
4.7039	0.765746
4.71493	0.531232
4.85642	0.395088
4.72167	0.0488817
4.86924	-0.0987633
4.90336	-0.249312
4.92376	-0.562905
5.02088	-0.38968
4.88507	-0.551887
4.92159	-0.510575
4.89528	-0.474324
4.80261	-0.168173
4.60896	0.552525
5.61599	1.2627
6.12152	1.59074
6.3195	1.56748
6.37377	1.69837
6.4848	1.61838
6.5348	1.5066
6.4067	1.55397
6.30752	1.51014
5.96861	1.62237
5.33502	1.9403
5.12973	1.97532
5.00207	2.03362
4.96102	2.1246
4.9872	2.07689
4.97258	1.93616
4.76862	2.06801
4.82938	1.973
4.58323	2.05472
4.62948	1.97532
4.88312	1.1922
5.25948	0.261634
4.21164	0.749614
5.37488	0.082757
4.71119	-0.116033
5.10333	0.262934
5.49975	0.549251
4.66392	0.530209
4.64461	0.197675
4.89821	-0.0572386
5.84728	0.304015
6.15474	1.12256
7.07611	1.30882
7.11142	1.45368
7.11897	1.57711
7.07111	1.69749
6.90249	1.90775
6.67521	2.0512
6.28285	2.18601
5.77409	1.9357
5.19412	1.17552
5.30168	0.325967
5.49903	-0.119547
5.59146	-0.362494
5.43649	-0.1176
5.26424	-0.365735
5.12591	-0.364364
5.14732	-0.12588
5.55193	1.22428
6.78417	0.598328
6.94395	0.168297
6.82142	0.0675587
6.21047	0.190235
4.90923	0.621374
3.95385	1.30155
3.61442	1.26417
3.37128	0.945676
3.61092	0.548246
4.50144	0.452275
5.16906	0.652272
4.51436	0.77383
6.34394	1.41717
6.65726	1.71251
6.50394	1.94205
6.37131	2.01922
6.09709	1.97294
5.28578	2.26507
5.13219	2.01823
5.17659	1.83563
5.16938	1.90976
4.93515	2.02285
5.01395	1.89945
4.96659	1.85121
4.91927	1.84259
5.02892	1.9039
5.11114	1.9366
4.89901	2.10097
5.08341	1.82799
4.98495	1.92605
4.97056	1.81748
4.85273	1.92093
4.51905	2.00774
4.23491	1.71509
4.08235	1.73966
3.88892	1.64366
3.7354	1.58371
3.6827	1.66246
3.46425	1.62465
3.23942	1.49732
3.18531	1.53406
3.22739	1.08997
3.30917	1.28032
3.31739	0.923475
5.31633	-0.377441
4.73506	-0.319
5.39225	0.0390159
5.14019	0.0446228
4.61063	0.343644
4.71683	0.772035
6.28383	0.547146
6.31843	0.912368
6.07782	1.52406
6.18135	1.36908
6.19249	1.24784
5.94426	1.04249
4.7741	0.922108
3.57986	1.10548
3.38239	1.00203
3.1923	0.900321
3.18316	0.776336
3.22107	0.910977
3.13618	0.809445
3.13276	0.950555
3.03252	0.868285
4.59076	0.367282
4.60438	0.614125
4.891	0.790931
5.49635	1.53117
6.18413	1.64545
6.38601	1.79214
6.44901	1.85163
6.19291	2.09491
5.67859	2.16133
5.24094	1.82185
4.78128	1.11901
4.94543	0.212601
4.53515	-0.153461
4.37952	-0.0569611
4.25753	-0.0652216
4.21073	0.037399
4.17013	0.144663
4.00146	0.425194
4.04395	0.0906353
4.0513	-0.109477
4.08266	-0.293427
4.54738	-0.51891
4.889	-0.484447
4.99093	-0.385325
4.56214	0.264756
4.92927	1.62878
4.4295	1.59879
4.53769	0.969717
4.47442	1.25373
5.02897	2.08774
5.12266	2.38071
4.88528	2.37
4.80583	2.22205
4.81724	1.99279
4.56529	2.04704
4.36565	2.08287
4.35847	2.11445
4.37424	2.15046
4.70673	2.10716
5.17105	2.03928
5.49428	2.11655
5.78498	2.0373
6.00481	1.89559
6.01009	1.97076
5.90675	2.01193
5.31853	2.03713
5.54687	2.07395
5.3405	2.06082
5.30605	2.065
5.24455	2.09367
5.19907	2.1464
5.12996	2.10946
5.04691	2.06263
4.83542	2.0035
4.12838	1.86717
3.28819	1.44421
2.9979	1.12603
3.07781	0.896973
3.17366	0.986535
3.1176	0.99951
3.17416	0.901073
2.95692	1.00538
3.33512	0.451503
4.38419	0.309649
3.4106	0.360998
3.51124	-0.0561889
4.0742	-0.421807
4.50042	-0.485427
4.53888	-0.11821
4.477	-0.319631
4.61557	-0.287002
4.51319	-0.282806
4.4711	-0.626891
4.47037	-0.619145
4.43668	-0.286222
4.49962	-0.109249
4.1979	-0.305934
4.00244	-0.188085
3.6976	-0.233389
3.47995	0.12304
3.15083	0.516178
2.98011	0.597007
3.10402	0.374493
2.95841	0.570943
2.92519	0.612417
2.8602	0.610521
2.9779	0.394866
2.85971	0.58624
2.90001	0.695946
2.83089	0.457766
2.87823	0.699014
2.87555	0.632172
3.03105	0.6577
3.1391	0.598248
3.23644	0.491337
3.11656	0.58223
2.93329	0.582026
3.02626	0.613794
2.99877	0.561003
3.21112	0.619416
3.10056	0.671012
3.08063	0.417548
3.23154	0.671949
3.32188	1.00594
3.65642	1.56745
3.81873	1.67454
3.92148	1.63974
5.06485	0.70736
6.05926	0.765963
5.99737	1.55939
6.30807	1.53342
6.40025	1.54606
6.3821	1.46976
6.34641	1.46608
6.1176	1.36885
5.80876	1.41526
5.62048	1.25818
5.53203	1.01461
5.37133	0.621279
5.53036	0.421226
5.46492	0.116569
5.45871	0.108064
5.31173	0.0156345
5.26785	0.0581331
5.38153	0.0173007
5.14571	0.363555
5.16355	1.18428
5.56546	1.62778
5.7675	1.83708
6.01623	1.85025
6.30713	1.82232
6.45924	1.84591
6.49613	1.93833
6.34481	2.11095
6.30875	1.9532
5.88792	2.24794
5.56317	2.11173
5.1783	2.11212
4.8516	2.00158
5.0571	1.77979
4.63362	2.05664
4.49745	2.01893
4.42464	1.90584
4.40407	1.51575
4.71665	0.545404
5.04757	9.87511e-05
5.222	-0.158039
5.41548	0.1815
5.46527	0.79584
5.43421	1.17522
5.69969	1.38148
5.8331	1.3835
5.81088	1.5795
5.77976	1.61433
5.7849	1.56781
5.57055	1.68752
5.36583	1.5132
5.07021	1.25968
5.04086	0.745347
5.20139	0.00622003
5.36651	-0.240095
5.38234	-0.429334
5.10898	-0.63912
5.00293	-0.921885
5.12113	-0.728544
4.99385	-0.456487
4.58185	-0.238663
4.62454	-0.158944
4.03957	0.0328769
3.47137	0.460562
3.62263	0.539904
3.71077	0.407345
4.62047	1.11291
6.82955	0.976176
6.25245	1.61187
5.62888	1.20845
6.06207	0.950448
6.48458	1.11891
6.59125	1.43788
6.76072	1.30604
6.79525	1.12394
6.7044	1.0527
6.49778	1.03962
6.20584	1.08899
5.82658	1.15691
5.45559	1.2147
5.34599	0.965144
5.04748	0.976301
4.98806	0.759527
5.09576	0.688089
5.06294	0.523668
4.99914	0.924706
4.95655	1.17386
4.90016	1.00936
4.76652	1.36557
4.65955	1.57464
4.74649	2.03337
5.23515	2.01188
5.70213	1.99392
5.81986	2.11069
5.84501	2.20161
5.8465	2.32277
5.75512	2.45196
5.72328	2.21674
5.09016	2.62195
4.59056	2.44865
4.34383	2.16291
4.11529	2.11234
4.02578	2.00806
3.8772	1.92605
3.84015	1.91515
3.96038	1.9126
4.1615	2.09834
4.83765	2.20699
5.66264	2.1623
5.98038	2.14359
6.13081	2.05677
6.07651	2.14163
6.18242	1.90395
6.12578	1.699
5.53309	1.97893
4.4994	2.03114
4.36312	2.02556
4.21745	2.11766
4.49196	1.76578
4.53344	1.65929
4.52822	1.8565
4.93697	1.81042
5.34918	1.72754
5.53345	1.77682
5.75509	1.79884
5.75794	1.85709
5.6294	1.58327
5.17156	1.98602
5.06283	1.84914
4.87549	2.0913
4.60965	2.18117
4.40267	2.10876
4.29037	1.8876
4.03561	1.70293
3.95211	1.59604
3.677	1.45782
3.612	1.29928
3.91977	0.488298
3.55323	0.696394
3.29343	0.911563
3.34562	0.843478
3.21645	0.76894
3.23198	0.789812
3.09779	0.840324
3.16189	0.508727
3.12671	0.519534
3.05955	0.511787
3.01115	0.675537
3.19115	0.762802
3.04006	0.814343
3.03227	0.574517
2.5017	0.610712
2.90247	0.65406
2.8343	0.483236
2.88538	0.871983
2.8584	0.650578
2.7828	0.559478
2.82778	0.50065
2.7999	0.493101
2.86567	0.55459
2.84705	0.584331
2.72052	0.481253
2.79844	0.545649
2.7641	0.80157
4.94196	-0.0954995
5.81721	-0.0614644
4.90015	0.18177
4.30364	0.814901
4.37068	1.85524
4.72384	1.88998
5.12786	1.7651
5.14551	2.01548
5.31585	1.97784
5.46901	1.97721
5.50884	1.8857
5.45978	1.9777
5.55425	1.8694
5.56045	1.69688
5.09173	1.75874
5.02909	1.63554
4.93266	1.7063
4.90635	1.75827
4.91825	1.70537
4.83063	1.74838
4.71514	1.75793
4.54558	1.75441
5.27796	1.32453
6.23728	1.4682
6.61612	1.31432
6.64992	1.02079
5.61079	0.859187
6.07406	1.24683
6.79971	1.42467
7.17625	1.3195
7.28721	1.29715
7.17907	1.44875
7.16497	1.46528
7.10248	1.56125
7.17879	1.4245
7.1105	1.44315
7.01564	1.41899
6.56446	1.56245
5.38135	1.7372
4.04174	1.94103
3.81671	1.71813
3.60453	1.69812
3.50949	1.35005
3.29906	1.09393
3.34985	1.11837
3.24237	0.913094
3.13266	0.914403
3.46443	0.72027
4.31542	0.697334
4.52862	0.92759
5.7292	1.69135
6.02663	1.96035
5.68675	1.76774
5.31265	1.38004
5.94035	1.78957
6.23914	1.60314
6.49568	1.67936
6.29452	1.79635
6.47245	1.79298
6.51395	1.73973
6.44823	1.62041
6.20474	2.32058
5.57405	2.19624
5.93179	2.13997
5.8702	2.08923
5.53728	2.00777
5.47321	1.83801
4.25373	2.03643
3.52598	1.5547
3.34733	1.28812
3.16946	1.30816
3.31303	1.2253
3.10499	0.854295
3.361	0.858421
4.72073	0.429276
4.61216	0.389534
5.0405	0.302433
3.99968	-0.0746908
4.2485	0.0518625
4.20688	0.336388
5.36918	0.389802
5.72828	0.412876
5.43409	0.831549
5.50326	0.897821
5.52661	1.04886
5.56454	1.13866
5.6689	0.894295
5.59336	0.810692
5.40006	0.897736
5.26939	0.953904
5.33698	1.16045
5.66323	1.4588
5.71404	1.83432
5.78413	1.82708
5.65936	1.89809
5.68233	1.74966
5.27538	1.87463
4.55265	1.79003
4.34834	1.64702
4.27263	0.941079
4.44595	0.387886
4.33461	-0.000540733
4.19827	-0.197312
4.20842	-0.328466
4.32772	-0.482679
4.14586	-0.475808
4.20095	-0.42299
4.37917	-0.276969
4.2002	0.0436162
3.82875	0.732677
3.93389	1.21634
5.56371	1.56952
6.16701	1.49716
6.33602	1.35941
6.2162	1.49014
6.15887	1.58691
5.84374	1.70627
5.68988	1.56361
5.47787	0.876677
5.10914	0.570988
4.99907	0.899244
4.69714	1.58598
4.17331	1.69857
3.48969	1.38598
3.18809	1.12107
2.9979	1.0027
2.92845	0.740626
2.86994	0.988124
2.77879	0.728844
2.9715	0.714648
4.52451	0.692167
4.40646	0.763275
5.22337	0.777515
4.81891	1.00149
3.9641	1.43533
5.2658	1.61857
5.88546	1.68438
5.9939	1.88375
6.06198	2.01107
6.09421	1.93521
6.02914	2.00094
5.97884	1.93609
5.88303	2.03879
5.8477	2.05024
5.74947	2.12424
5.52439	1.89271
4.70947	1.35952
4.10698	0.792847
4.35133	0.323827
4.57708	0.623865
4.99308	1.10595
5.12211	1.0329
5.37712	0.676367
5.45508	0.49597
4.73261	0.773375
4.92759	0.569655
4.52782	0.505841
4.37541	0.621082
4.21753	0.870671
4.1664	0.779301
3.9348	0.921034
3.26534	1.17686
3.02233	0.797729
2.8702	0.654221
2.88616	0.683761
2.85158	0.69953
2.87803	0.654777
2.962	0.563326
2.83865	0.44653
2.85342	0.50406
2.68922	0.569997
2.86952	0.654927
2.74672	0.518025
2.76484	0.698357
4.24288	0.724425
4.2284	0.713484
4.78561	0.718504
4.12859	0.575474
3.44324	0.350684
3.3457	0.751459
3.19539	0.918705
2.99505	0.688056
2.96194	0.380619
2.97686	0.620247
2.99637	0.672441
2.80759	0.752398
2.76123	0.521418
2.88131	0.577284
2.74149	0.413227
2.80524	0.436952
2.74681	0.615789
2.71481	0.525498
2.70807	0.733396
2.9267	0.405789
2.83365	0.603348
2.79238	0.535956
2.83655	0.477777
2.76178	0.637226
2.82768	0.511652
2.79241	0.604188
3.00592	0.950139
3.31834	1.24799
3.4936	1.51626
3.79388	1.53486
3.99661	1.09566
4.62039	1.55167
6.46187	1.67184
7.17368	1.49629
7.26031	1.20098
6.95294	1.13989
5.96949	1.42363
4.70215	1.52438
3.87296	1.44803
3.56472	1.29506
3.49399	1.15525
3.33806	1.15209
3.21188	1.05475
5.22294	0.412763
5.58734	0.505515
4.52611	1.17414
6.00111	1.05595
6.42159	0.908976
6.44383	0.965826
6.34761	1.07331
6.03192	1.20261
5.11836	1.46078
4.11421	1.479
3.63841	1.4358
3.43314	1.3108
3.64032	0.902694
4.38289	0.381318
4.85856	0.615125
4.91844	0.885238
4.86844	1.35458
5.94185	1.53749
6.16823	1.35806
6.13272	1.38279
6.05202	1.37435
5.90129	1.31331
5.59899	1.34422
5.28549	1.38282
4.97306	1.0586
5.03172	0.552999
4.77609	0.268799
4.51574	0.112949
3.94237	0.440703
4.40217	1.07217
4.96631	-0.0444614
4.51462	0.323202
4.6286	0.784451
4.18039	1.45344
4.41859	1.52315
4.49578	1.56328
4.60444	1.53396
5.08416	1.01519
4.83318	1.44658
4.74887	1.57992
4.57757	1.76207
4.47056	1.90214
4.48563	1.83863
4.51663	1.75869
4.45313	1.8317
4.20633	2.00349
4.08248	2.01452
3.91701	1.93722
4.1595	1.26991
4.1349	1.09882
3.83815	0.565331
3.86718	0.109898
4.21303	-0.222207
4.07376	-0.419191
4.44346	-0.655008
4.44465	-0.841453
4.60018	-0.352387
4.60104	-0.265027
4.29286	-0.243805
4.15566	0.148957
4.90208	0.839735
5.58222	0.768422
5.53216	0.818347
5.67166	0.75454
5.84157	0.684664
5.89764	0.686003
5.92336	0.579322
5.91155	0.703224
5.78038	0.856426
5.8526	0.824967
5.95893	0.890438
6.08846	0.937841
6.25172	1.01625
6.46159	0.963149
6.60672	0.853176
6.62764	0.89168
6.61109	0.948932
6.57859	1.01658
6.52912	1.09051
6.39318	1.19249
5.96319	1.36448
5.20301	1.58599
4.87461	2.00226
4.95764	1.91022
5.01271	1.71596
4.93134	1.88209
4.98677	1.82562
4.94882	1.86475
4.9734	1.8932
4.91005	2.06833
4.96459	1.93446
4.92072	2.04018
4.96747	2.09755
5.96642	1.5405
6.13635	1.53052
5.90684	1.67633
5.77222	1.63178
5.49572	1.73934
5.11225	1.79365
4.80369	1.63775
4.47455	1.31864
4.51807	0.926094
4.41495	0.462933
4.38345	0.299917
4.40838	-0.106778
4.40495	0.24544
4.56037	0.49352
4.785	1.10622
5.26086	1.35452
5.60221	1.32401
5.86419	1.19927
5.88433	1.31262
5.95121	1.30708
5.57482	1.34309
4.62234	0.615849
5.05396	0.122469
5.5892	1.00488
5.99322	1.39192
6.15731	1.50768
6.12792	1.50325
6.01882	1.60529
5.94736	1.60684
5.79231	1.82816
5.85595	1.76841
5.83227	1.75963
5.78803	1.8051
5.68725	1.84155
5.57545	1.8281
5.46755	1.75706
5.47948	1.82901
5.73608	1.76532
5.95341	1.7387
6.22867	1.63271
6.47362	1.50489
6.50447	1.53542
6.46163	1.65382
6.36366	1.75215
6.20724	1.75714
5.89766	2.00979
5.69075	2.02328
5.37914	1.97908
4.98213	1.86337
4.91905	0.973385
5.1349	0.349949
4.8234	-0.0676549
4.43927	-0.275439
4.82703	-0.56716
4.60902	-0.508945
4.61612	-0.340641
4.41332	-0.300878
4.06091	0.0430055
3.60911	0.777858
3.958	1.51554
4.42921	2.06456
4.91047	1.90825
4.76642	1.96249
4.77861	1.77563
4.6474	1.80456
4.59082	1.61764
4.38818	1.65283
4.1931	1.56173
3.92023	1.44625
3.42312	1.4895
3.21413	1.29422
3.11992	1.23087
3.05288	1.21916
3.07226	0.793958
2.93137	0.824873
3.94643	0.841619
5.46742	0.451962
4.94681	0.408986
5.10705	0.603682
5.73915	0.856528
5.66918	0.936609
5.34046	1.3811
4.58489	1.79222
4.5535	1.86683
4.44014	1.99883
4.33266	2.06046
4.28718	1.94435
4.15005	1.99349
3.92236	1.89185
3.69734	1.71957
4.33368	0.960549
4.82325	-0.195751
4.29759	-0.204748
4.16379	-0.169407
4.05958	-0.310815
3.77224	-0.134588
3.65328	-0.159867
3.59033	-0.155325
3.40106	0.13636
3.27329	0.332607
3.14188	0.467461
3.33992	0.483013
4.58986	0.643186
5.03942	0.718701
5.43436	1.54727
5.54285	0.620063
4.31561	-0.494363
4.85354	-0.767093
4.74417	0.0658576
5.65359	1.20854
5.86119	1.26767
5.73062	1.33134
5.30446	1.29244
4.86064	1.19022
4.62752	0.499433
4.77183	-0.0969274
4.6081	-0.115602
4.65358	-0.463259
4.50423	-0.508239
4.45549	-0.392402
4.35681	-0.387555
4.21612	0.0382837
4.08458	0.592191
3.93302	1.12119
3.93501	1.03939
3.99964	0.974246
3.92723	1.5009
5.37135	1.77387
5.82501	1.8031
5.05194	1.97984
5.65262	1.91129
4.93293	2.20876
5.21026	2.09728
3.95763	1.55174
3.70223	1.23168
4.33411	2.15231
4.84807	2.30383
3.91639	1.70898
3.69753	1.81523
4.1126	1.82746
4.05862	1.84016
3.89707	1.7719
3.89098	1.72281
3.65895	1.75536
3.5768	1.73478
3.64942	1.5619
3.42579	1.5922
3.2724	1.39791
3.28939	1.55132
3.20424	1.3162
2.90923	0.918992
2.94452	0.830656
4.51416	0.0347494
4.05382	-0.258078
3.95503	-0.908619
4.20128	-0.818113
4.36164	-0.813173
4.22883	-0.686587
4.30474	-0.650132
4.12354	-0.727189
4.04492	-0.55127
4.00604	-0.762055
3.72396	-0.615516
3.48195	-0.310966
3.38991	-0.0549203
3.07354	0.639581
2.8335	0.617451
2.75313	0.641416
2.89611	0.650419
2.9174	0.595641
2.85416	0.641176
2.88738	0.491878
2.81117	0.438544
2.7585	0.490037
2.76225	0.464929
2.9081	0.30075
2.68726	0.530099
2.69937	0.518041
2.91118	0.541229
2.98523	0.740244
2.96886	0.550545
2.86995	0.679731
3.00912	0.762285
2.92143	0.593651
2.81435	0.635331
2.77109	0.50393
2.94313	0.530995
2.97242	0.621824
3.19792	0.833058
3.38052	1.24796
3.61411	1.16602
4.43383	0.265184
4.96109	-0.0246358
5.18222	-0.090193
5.25813	-0.0108007
5.55447	0.0427043
5.94397	-0.0379469
6.10524	0.245541
6.7777	0.244779
7.03928	0.540377
7.05495	1.06539
6.99904	1.35184
6.88249	1.6274
6.66108	1.7582
6.22015	2.02562
5.665	1.98397
5.22979	1.76765
5.23351	1.81229
5.34828	1.75214
5.34749	1.80224
5.47813	1.56676
5.8551	1.43617
5.76285	2.35553
6.10121	1.93393
6.15431	1.82948
6.1527	1.74691
6.11134	1.7087
5.94426	1.70048
5.48195	1.76424
4.43428	1.7881
3.72834	1.72394
3.63642	1.70049
3.49347	1.72692
3.48931	1.40979
3.32668	1.19695
5.09331	-0.295085
5.41741	0.0801823
5.51013	0.600901
4.60362	0.618894
5.18242	1.59796
6.08429	1.25672
6.29778	1.00452
6.25335	1.00138
5.94159	1.04104
5.28467	1.10538
4.08099	1.43323
3.51276	1.63945
3.82895	1.31989
3.93547	1.25082
4.09886	0.302718
4.22641	0.238195
4.93351	0.426021
4.98697	1.04598
5.33911	1.15651
6.40676	1.622
6.24177	1.86067
6.80179	1.46365
6.72898	1.43678
6.73318	1.41895
6.5404	1.43719
6.46268	1.54226
6.6446	1.43437
6.43596	1.67763
6.16713	1.90964
5.83274	1.9339
5.12826	2.19084
4.903	1.98706
4.86867	2.06116
4.95433	2.01074
5.00798	1.92126
5.0507	1.82498
5.06106	1.88427
5.02874	1.97875
5.17261	1.74269
5.16251	1.84028
5.2104	1.71897
5.19861	1.66063
5.21396	1.58919
5.14201	1.53283
5.14964	1.63195
5.667	1.70408
5.81131	1.63922
5.84448	1.60241
5.97676	1.48233
6.07347	1.43767
6.08646	1.4447
6.07628	1.44674
5.98137	1.50454
5.80673	1.52152
5.34863	1.61016
4.70382	1.69804
4.09227	1.87417
3.89979	1.70935
3.65701	1.64735
3.4588	1.67172
3.34929	1.36811
3.47761	1.24051
3.47811	1.38096
3.8642	1.65866
4.47154	1.76844
5.16204	1.85556
5.54977	2.01019
5.97502	1.68965
6.05735	1.50444
6.0754	1.46153
6.29636	1.4282
6.63162	1.24435
6.77022	1.23106
6.58416	1.49486
6.38631	1.62265
6.40501	1.58654
5.93689	2.08895
5.58451	1.99454
6.0732	1.76437
5.88549	1.84055
5.98856	1.73803
6.49839	1.55216
6.05504	1.72368
6.67594	1.54534
5.93261	1.67895
6.5582	1.44875
6.02014	1.51172
6.30613	1.32843
5.8473	1.72629
6.06521	1.5553
6.1361	1.67071
6.31161	1.64483
6.37232	1.7171
6.39157	1.68376
6.22855	1.88177
5.89309	2.21547
5.54844	2.49755
5.23953	2.39534
4.7921	2.23136
4.66402	1.86116
4.43296	1.98421
4.22926	2.13819
4.15792	1.92262
4.02065	1.81898
3.71923	1.75279
3.77106	1.59829
3.70461	1.4041
3.69688	0.676623
4.03251	-0.279615
4.0978	-0.40414
4.6054	-0.530086
4.42126	-0.457298
4.51848	-0.45274
4.63153	-0.465761
4.4842	-0.436749
4.50527	-0.465178
4.14789	-0.275964
3.9307	0.129797
3.91261	0.633608
5.00313	1.07471
5.68593	1.13114
5.99374	0.844889
6.0148	0.987392
6.18101	1.09544
6.22416	1.29334
6.0091	1.40406
5.86446	1.71015
5.15473	1.72011
4.72669	1.42785
4.68788	0.784484
4.65375	0.384743
4.78371	-0.0674506
4.67982	-0.319874
4.83984	-0.538139
4.78246	-0.335867
4.85241	-0.26774
4.35046	0.329028
3.26728	0.888974
2.95973	0.700863
3.20106	0.698257
3.2218	0.736166
3.32422	0.543749
4.83184	0.635892
4.94561	0.163807
5.09888	0.875323
5.70619	1.59255
5.17347	1.93864
5.27545	2.07215
5.76179	1.90813
6.0173	2.0099
5.95995	2.16848
5.85634	2.21447
5.83125	2.01594
5.61036	1.97786
5.31485	1.823
5.19802	1.79464
4.75502	1.82266
4.35245	1.74481
4.24933	1.20893
4.32694	0.518017
4.4939	0.18211
4.36899	0.0252512
4.41511	-0.178772
4.38114	-0.299669
4.47258	-0.354262
4.4399	-0.147936
4.21698	0.0201013
4.05473	0.121653
3.94682	0.486745
4.10087	1.01039
5.06515	0.977121
4.9991	0.892343
4.61451	1.13231
4.18642	1.21992
3.75668	1.17483
3.30506	1.27519
3.12085	0.89502
2.87175	0.794531
2.96158	0.728233
2.96639	0.658675
2.97108	0.683217
2.89135	0.687257
3.04178	0.688752
4.42016	1.40342
4.33465	1.4515
3.4628	0.9042
3.84977	1.47973
3.48392	1.17706
3.39342	1.37867
3.85317	1.78826
4.20872	2.26027
4.32905	2.33544
4.20956	2.21302
4.08974	2.0157
4.08218	1.98224
3.99167	2.04766
3.95291	1.883
3.74692	1.90513
3.66973	1.67685
3.47249	1.63858
3.30557	1.20301
3.17128	1.02284
2.89139	0.847338
5.05721	0.618766
5.21773	0.474768
4.53389	0.244938
4.20736	0.488677
3.97334	0.628034
3.77925	0.768239
3.74473	1.03152
4.23674	1.33249
4.86223	1.90355
4.88914	2.00181
5.41668	1.89641
5.98324	1.93255
6.18179	1.7043
5.98138	1.77474
5.32959	2.16086
4.98742	2.08235
4.77327	2.0268
4.4926	2.08021
4.34194	1.90393
4.07466	2.06887
3.92791	1.89377
3.71712	1.90136
3.71049	1.92128
3.67102	1.67042
3.43994	1.73828
3.315	1.3819
3.27507	1.2093
3.24233	1.19298
3.29479	1.25821
3.31551	1.27714
3.25497	1.29262
3.35818	1.08356
3.26961	1.16394
3.07659	0.780921
3.00327	0.878749
2.95824	0.808056
2.95746	0.684175
2.96033	0.54007
2.84429	0.676559
2.96034	0.571663
2.94581	0.576404
2.84508	0.646262
2.85037	0.678858
2.88369	0.506714
2.33187	0.520818
2.62704	0.572447
2.7206	0.427498
2.72579	0.570466
2.75692	0.769516
2.93592	0.620547
4.17037	1.4923
5.51602	1.40626
3.63772	1.34246
4.21006	1.76665
5.10088	1.51178
6.05649	1.37842
6.21971	1.33578
6.77659	1.51713
6.66808	2.0875
6.69148	1.98383
6.81414	1.7572
6.63522	1.89898
6.50822	1.89337
6.37914	1.92728
6.28494	2.0163
6.32862	2.02332
6.38284	2.05198
6.5968	1.89845
6.84791	1.72286
7.08308	1.3983
7.18284	1.3094
7.13278	1.37992
7.04816	1.46344
6.89427	1.6113
6.65524	1.77155
6.16599	2.00883
5.2365	2.2192
4.68438	1.80788
4.60071	1.78496
4.326	1.85996
4.06429	1.83788
3.85059	1.95382
4.88135	0.293975
4.45486	0.192031
4.66514	-0.269895
4.83033	-0.513964
4.9527	-0.381094
5.07682	-0.309295
5.01808	-0.065181
4.95315	0.599366
5.12785	1.09117
5.32039	1.28834
5.32527	1.11287
5.2864	1.07331
5.29603	0.875369
5.15958	0.982292
5.13323	0.87719
5.07027	0.714799
5.11778	0.531942
5.02105	0.397333
4.84014	0.701261
4.89855	0.625207
4.70597	0.724216
4.3047	1.05782
4.0849	1.17593
3.96682	0.905739
4.18141	0.844595
4.30201	1.21523
4.72851	1.34691
5.16342	1.74954
5.74459	1.64867
6.07831	1.64079
6.25409	1.61158
6.36215	1.43992
6.4247	1.26581
6.38874	1.26033
6.39519	1.11087
6.3544	0.953346
6.2046	0.97445
6.0487	1.04718
6.06963	0.791439
6.13893	0.555466
6.22119	0.387035
6.31508	0.394717
6.44577	0.410456
6.50598	0.524353
6.54486	0.69015
6.44473	1.12273
6.52711	1.1584
6.20317	1.58664
6.16886	1.74719
6.11369	1.82419
5.77952	2.00169
5.60997	2.14319
5.65311	2.0325
5.38185	1.96301
5.19988	2.07565
5.00444	2.32371
4.81381	2.07792
4.64528	1.94734
4.42556	1.87683
4.28215	1.8305
4.23142	1.98501
4.16869	1.72622
4.18012	1.68415
4.13891	1.6554
4.3528	0.974539
4.53534	0.517205
4.8728	-0.0451447
5.17459	-0.486662
5.14943	-0.730132
5.02546	-0.457198
4.84844	-0.644889
4.61934	-0.259627
4.37652	-0.166069
4.15143	0.340879
3.81207	1.10422
5.57566	1.74165
6.20511	1.71777
6.22795	1.86305
6.29084	1.86726
6.131	1.91677
5.8747	2.0027
5.55328	2.0807
5.14864	2.10875
4.70931	2.20941
4.50467	2.10345
4.2028	2.09167
3.94118	2.06406
3.73636	1.88627
3.57621	1.39728
3.21824	1.52256
3.26101	1.19139
3.10745	1.06219
2.8418	0.918034
3.28847	0.985768
3.6994	1.30011
3.32137	1.21168
3.391	1.18061
3.33082	1.48516
3.26417	1.33847
3.86755	1.80656
4.96851	1.92432
5.24097	1.6787
5.28352	1.93537
5.3918	1.93509
5.49486	1.8261
5.62159	1.64152
5.42939	2.02539
5.51795	1.80543
5.62781	1.47755
5.78777	1.22888
6.03211	1.40121
5.96216	1.81412
6.12172	1.66411
6.1094	1.63083
6.22971	1.4125
6.23199	1.33946
5.46488	1.45996
5.08178	1.5683
5.3027	1.55512
5.03985	1.36149
4.73264	1.29855
4.24536	1.56356
4.03463	1.45485
3.86998	1.20595
3.67721	1.28639
3.53899	1.01148
3.42328	1.07929
3.17218	1.06287
3.05927	1.13656
2.93319	0.923865
2.99939	0.812458
2.86468	0.952081
2.7551	0.734096
2.75913	0.668008
2.8671	0.620267
2.80074	0.575612
2.75217	0.805887
2.33386	0.580391
2.7551	0.539657
2.65127	0.415022
2.72207	0.388475
2.71158	0.609329
2.98128	0.402605
2.65715	0.428856
2.6503	0.517977
2.63598	0.674091
2.65797	0.671529
2.7072	0.731016
2.65053	0.710046
2.81607	1.0663
3.46783	1.64562
4.24798	1.61009
4.26856	1.56173
4.89493	1.46148
5.02336	1.63264
5.13554	1.44695
5.58401	2.06179
6.08747	2.06587
6.38561	1.87652
6.39099	1.87296
6.37103	1.81131
6.13037	1.86961
5.85662	1.78315
5.39649	1.66234
5.14746	1.38089
4.8975	1.3514
4.97804	1.24691
5.31853	1.17155
5.81953	1.09473
5.92216	1.02081
5.87693	1.04384
5.75219	1.16981
5.59002	1.39384
5.20574	1.44364
4.94611	1.1916
4.68199	1.07417
4.60628	0.56596
4.75392	0.382641
4.8619	0.33434
5.15526	0.416988
5.37425	0.746864
5.46805	1.19821
5.25308	1.62888
5.07663	1.79449
5.00216	1.99574
4.97835	1.91544
5.07078	1.80005
5.1609	1.60624
5.21586	1.44027
5.15417	1.0769
5.13252	0.744756
5.2637	0.110516
5.29945	-0.260241
5.11905	-0.308412
5.16935	-0.735946
5.0651	-0.837879
5.23859	-1.06068
4.89406	-0.954797
4.90824	-0.944338
4.88584	-0.649425
4.7059	-0.831903
4.75494	-0.839046
4.59025	-0.546542
4.10564	0.264223
5.27609	1.32073
6.18262	1.16016
6.35054	1.15009
6.40687	1.21094
6.5011	1.19996
6.52059	1.27408
6.538	1.38337
6.55156	1.46956
6.58329	1.51144
6.44772	1.65274
6.3663	1.72226
6.2576	1.77032
6.06643	1.87792
5.87893	2.00455
5.89067	1.91966
5.84616	2.05492
5.89666	2.01949
5.94508	1.98954
5.95825	2.03705
5.99511	1.98994
6.09596	1.92037
6.18486	1.89724
6.17674	1.95526
6.1453	1.94903
6.08447	1.97902
5.86723	1.98884
5.5114	1.73483
5.33329	1.36534
5.18727	1.62854
4.6167	1.95337
4.38924	1.84371
4.32373	1.25716
4.87026	0.901026
4.77538	0.180338
4.74909	-0.217972
4.65111	-0.570504
4.92729	-0.79474
5.10904	-0.767548
5.01535	-0.743715
5.06968	-0.623042
4.98121	-0.308444
4.70672	-0.392686
4.70214	-0.232812
4.48784	0.353409
4.06975	0.65396
3.97092	1.35374
5.23294	1.61812
5.26334	1.89516
5.11695	2.09202
5.14412	2.11274
4.94416	2.17521
4.70442	1.82144
4.74603	1.86587
4.75093	1.83718
4.63596	1.87601
4.66472	1.76555
4.70427	1.76292
4.68261	1.75234
4.63776	1.72829
4.55754	1.86505
4.42405	1.96675
4.41104	1.80515
4.45719	1.52832
4.17526	1.73076
4.06437	1.72083
4.8124	1.14808
6.07163	1.01188
6.74359	1.02731
6.98939	0.975301
7.16212	0.788358
6.88513	1.12215
6.59667	1.33629
6.38924	1.42832
6.07968	1.57658
5.43765	1.52679
4.00569	1.58109
3.53409	1.3516
3.57609	1.3299
3.39449	1.29807
3.36896	1.24203
4.24481	-0.0430087
4.45189	0.0315422
5.09102	-0.64547
5.05119	-0.608994
4.80294	-0.504951
4.49262	-0.315046
4.43549	0.0472737
4.28981	0.365871
4.47096	1.44417
5.51077	1.79113
5.78055	1.758
6.16366	1.57848
6.27556	1.73521
6.29638	1.85748
6.37665	1.64765
6.06983	1.55393
4.48938	1.6983
3.3876	1.65227
3.39334	1.43129
3.13535	1.29589
4.07983	0.545022
5.00155	0.414839
4.71584	0.929985
3.62272	1.18341
4.93528	1.37036
6.0319	1.4797
5.74625	2.05023
5.66847	2.04396
5.4206	1.99341
4.92498	2.06534
4.50118	1.95152
4.65657	1.9338
4.64367	2.07782
4.70206	1.99949
4.64022	2.11943
4.75444	1.99126
4.83266	1.79572
4.91167	1.42437
5.14453	0.989055
5.39452	0.724868
5.57317	0.525865
5.65251	0.50739
5.56962	0.758332
5.53999	1.05226
5.41203	1.36807
5.28866	1.62568
5.23855	1.7646
5.23726	1.84816
5.32087	1.78828
5.28856	1.81176
5.04662	1.82474
5.01214	1.68372
5.08116	1.58227
5.05161	1.68765
5.02858	1.78392
5.13181	1.6673
5.25891	1.88404
5.60194	2.0345
6.03	1.95664
6.25064	1.88411
6.34343	1.8039
6.26634	1.89698
6.18152	1.96229
6.00415	2.09169
5.54249	2.27981
5.08511	2.08715
4.82713	2.17646
4.59231	2.21479
4.34552	2.11963
3.96314	2.08289
3.75553	1.87204
3.48495	1.61368
3.16196	1.55037
3.06735	1.26829
3.00528	1.07861
3.02864	1.03331
3.46032	0.690169
4.02627	0.673406
4.34225	0.437969
4.16964	0.270211
5.36839	0.335459
5.7936	0.61278
5.86641	1.15353
6.04404	0.974088
6.02536	0.898144
5.92299	0.916484
5.82083	0.98405
5.63568	1.08238
5.28382	1.2644
4.94859	1.03662
5.03238	0.911153
5.00582	0.611022
5.11094	0.563978
5.16513	-0.131365
4.95646	-0.169986
4.93018	-0.0596555
4.91513	-0.227423
4.65834	-0.00664367
4.59288	0.383119
4.46211	0.722195
4.40904	1.44254
5.46984	1.94923
5.66363	1.92703
5.73417	2.01783
5.92312	1.96057
5.89907	2.15362
5.88587	2.10275
5.68148	2.12201
5.44299	1.83649
4.97975	1.77563
4.45049	1.5902
4.43388	0.551153
4.5579	-0.030341
4.58581	-0.670239
4.73992	-0.9282
4.84205	-1.05201
4.77727	-1.08963
4.96818	-1.18384
4.92072	-1.13132
4.8013	-0.806235
4.52474	-0.395838
4.20653	0.218374
3.75918	0.728951
5.19574	1.30106
5.98158	1.65381
5.95856	1.83123
5.93538	2.20888
5.98534	2.17546
5.90846	2.09278
5.85014	1.78752
5.7143	1.63189
5.48464	1.55614
4.98726	1.57223
4.03492	1.54649
3.33494	1.54981
3.26507	1.26834
3.24562	1.20674
3.21465	1.05158
3.36654	1.0585
3.13193	1.08067
3.29388	1.29308
4.19423	1.91114
4.29147	2.09221
4.48566	2.15095
4.55107	2.2369
4.5175	2.16703
4.50498	2.13473
4.3476	2.1129
4.28021	2.02309
4.21586	1.97065
4.09956	2.09392
4.03908	2.01497
3.93047	2.00809
3.84177	1.90796
3.75531	1.99327
3.88648	1.70637
4.67602	1.55055
5.31551	1.27636
5.50973	1.27659
5.58605	1.35196
5.50245	1.15357
5.4597	0.783713
5.77229	1.05664
5.85718	1.46916
5.94473	1.51086
6.05728	1.4167
6.11058	1.34772
6.14791	1.33019
6.09071	1.31791
5.78058	1.37486
4.82234	1.65107
4.79717	1.60083
4.88896	1.64513
4.98383	1.37367
5.00111	1.42775
4.83806	1.66537
4.51225	1.76848
4.38857	1.69824
4.17587	1.44338
3.83418	1.52875
3.59016	1.52347
3.92806	0.836524
3.9606	0.210655
4.0432	-0.129514
3.85159	-0.410283
4.04297	-0.511004
4.08892	-0.597386
4.05109	-0.580659
3.97713	-0.594073
4.02221	-0.437833
4.02215	-0.641825
4.02635	-0.6739
4.01686	-0.67866
3.23804	0.933514
2.8377	0.564179
2.82561	0.650559
2.8966	0.519655
3.02598	0.676493
3.0109	0.599168
3.01998	0.702171
3.03924	0.767533
3.25118	0.795902
3.44058	0.949357
3.42209	1.13349
3.2777	1.47877
4.24743	1.99306
5.1589	2.21946
5.48974	2.19886
5.63844	2.10359
5.46918	2.23367
5.17979	1.93228
4.79235	1.97068
4.77419	2.04885
4.77547	1.97913
4.8648	2.03534
5.00715	2.00693
5.70444	2.17043
5.70792	2.64254
5.90815	2.60692
6.28441	2.15233
6.30716	2.20266
6.1658	2.48189
6.15867	2.35205
6.11291	2.23537
5.73728	2.42927
5.42469	2.53132
5.32166	2.4973
5.31522	2.21592
5.12431	2.22913
4.90793	2.16191
4.5523	2.10422
4.14507	1.5549
4.62444	0.633991
4.66697	0.228892
4.54048	0.582169
4.47558	0.480652
4.48734	0.260587
4.37384	0.443742
4.44099	1.67891
5.61852	2.05161
5.81767	2.07662
5.92599	1.90309
6.03703	1.79675
6.00535	2.00528
6.09664	2.05319
6.10103	2.0578
6.25763	1.94723
6.53744	1.64217
6.73717	1.46114
6.96204	1.18748
7.0527	0.981275
6.99822	0.816744
6.57625	0.929391
5.71759	1.40296
4.77436	2.07383
4.83522	1.9542
4.86512	1.97098
4.63059	2.08811
4.59093	1.74197
4.3837	1.77071
4.04989	1.75878
3.82857	1.52626
4.26348	0.435187
4.25997	0.0747741
4.59867	-0.143263
5.01034	-0.445764
5.10122	-0.663661
5.11557	-0.856044
5.26627	-1.02932
5.31351	-0.610667
4.84946	-0.236067
4.50746	-0.261308
3.68787	-0.0828197
3.38167	0.398125
3.39047	0.487609
3.8129	0.432161
4.29933	0.451216
5.46237	1.07177
6.1562	0.863288
6.30611	0.897067
6.43079	0.914397
6.31334	1.1892
6.08846	1.03873
5.49236	-0.0917187
5.58939	0.85875
6.53032	1.26082
7.14094	1.13088
7.40633	1.20669
7.43463	1.09708
7.40492	1.20287
7.31466	1.28004
7.2437	1.29404
7.01731	1.47427
6.60961	1.88508
6.3956	1.92389
6.28517	1.66133
6.091	1.62669
5.76653	1.64125
4.73928	1.70274
3.83212	1.52585
3.70732	1.27467
3.53655	1.25532
3.46993	1.26039
3.53226	1.02648
4.67231	0.822517
4.97092	0.831823
4.49359	1.65489
6.31506	1.88455
6.65686	1.79603
6.72002	1.88117
6.39984	2.0707
5.70801	1.93838
4.48703	2.02657
4.68292	1.96674
4.42668	1.87689
3.70429	1.39279
3.55161	1.38481
3.37396	1.30453
4.15164	0.992576
4.00831	0.914867
5.14452	0.607559
4.96271	0.991942
4.41843	1.24728
5.74656	2.26331
6.44451	1.97244
6.56663	1.8029
6.3494	1.88907
5.5972	2.02264
5.11345	2.15049
5.2928	2.01703
5.36116	1.9583
5.32023	2.05949
5.68187	1.96781
5.86694	2.02828
6.56422	1.685
6.7845	1.65424
7.00277	1.50986
7.1229	1.47601
7.11543	1.47468
7.02726	1.56334
6.69246	1.81618
6.24826	1.75977
4.53897	1.80381
3.8882	1.79334
3.8208	1.73087
3.65755	1.60607
3.46321	1.27602
3.98308	0.717897
5.04254	0.46682
5.36944	0.464674
5.45555	0.753349
6.17914	0.574888
6.46949	0.213125
6.47955	0.102869
6.19324	0.205857
5.23247	0.659505
4.20749	1.11825
3.80776	1.50683
3.70433	1.46707
3.54051	1.57819
3.5673	1.63226
3.54837	1.43806
3.57069	1.44255
3.74144	1.33448
3.62048	1.43623
3.72642	1.36072
4.45881	0.877066
5.72868	0.784718
5.54327	1.38218
6.22375	1.6501
6.28742	2.10591
6.38389	1.99074
6.3879	1.97763
6.3008	2.06792
5.76162	2.19022
4.75073	2.0383
3.87608	1.94438
3.50202	1.5986
4.03435	1.36449
3.5289	1.29985
3.23035	1.08692
3.18887	1.09471
3.23357	0.535238
4.45822	0.310852
4.48838	0.439375
3.66246	0.931523
3.51952	1.11358
3.37727	1.38171
3.69442	1.62517
4.70944	2.16976
4.84619	2.17818
4.80259	1.81389
4.55549	1.95905
4.69219	1.80237
4.6192	1.97702
4.67956	1.97859
4.74506	1.96595
4.91897	1.71817
4.81489	1.84367
4.68125	1.88919
4.63816	1.87876
4.58419	1.94383
4.54594	1.971
4.55408	1.918
4.94483	1.66654
5.93901	1.69178
6.37003	1.56783
6.39792	1.69572
6.28782	1.9893
6.13368	2.15529
6.15617	2.10063
6.3749	1.69913
6.39567	1.61125
6.06508	1.46036
5.37892	1.37422
5.84754	1.37511
6.13178	1.59793
6.39004	1.6081
6.47737	1.53714
6.45431	1.44045
6.27099	1.63939
6.02439	1.82049
5.76758	1.81131
5.54807	1.63306
5.07978	1.56867
4.76096	1.04026
4.81849	0.291136
4.75892	-0.522651
4.64474	-0.686993
4.8791	-0.936472
5.10409	-0.733324
5.18136	-0.562599
4.89424	-0.667318
4.59186	-0.335693
4.45791	0.656906
4.95381	1.85234
5.77252	1.79456
5.91534	1.75283
6.04426	1.86493
6.14083	2.03228
6.11213	1.92794
5.59848	1.96213
4.32195	1.47122
3.91805	1.16107
5.73221	0.36271
5.59517	0.494906
4.09489	1.02847
4.2578	1.24698
4.98234	1.74123
5.67512	1.98712
6.11435	1.80862
6.39012	1.70211
6.47383	1.64913
6.50362	1.78019
6.37637	1.99606
6.27324	1.98317
6.16999	1.94668
6.06908	1.93314
5.93261	1.96432
5.76343	2.04707
5.57051	2.06158
5.07805	2.06083
5.13469	1.94499
4.35421	1.95375
4.74699	1.86672
4.07583	1.7324
4.49868	1.78007
3.88628	1.92643
4.05535	1.887
3.84803	1.72231
3.72058	1.64388
3.69046	1.70662
3.48399	1.61513
3.34706	1.35494
3.16641	1.25682
3.2092	1.0252
3.10163	0.83673
3.53047	0.393607
4.53931	0.040311
3.13201	0.678753
3.09017	0.843929
3.0027	0.716686
2.91137	0.600452
2.90534	0.745675
3.00829	0.702742
2.98347	0.380947
2.96385	0.57061
2.88308	0.577718
2.4071	0.612506
2.72551	0.5099
2.67473	0.770895
2.7516	0.526241
2.7075	0.463298
2.52631	0.448175
2.68557	0.484447
2.56664	0.503223
2.58002	0.510863
2.54935	0.483774
2.81086	0.858307
3.4555	1.83559
4.57991	1.9844
4.853	2.0309
4.94341	1.94947
5.10647	1.80036
5.17763	1.72555
5.11097	1.50456
5.06895	1.57166
5.01776	1.61115
4.93265	1.63621
5.03113	1.61499
5.02758	1.58237
5.00423	1.56761
4.92905	1.62162
4.86513	1.61618
4.9249	1.64169
5.42816	1.65541
4.98521	2.16077
5.00893	2.14821
5.11663	1.96671
5.09272	1.86483
4.94532	1.30146
5.15603	0.29967
4.92963	-0.186095
5.13353	-0.550197
5.1356	-0.781046
5.03018	-0.712224
5.16945	-0.531114
4.97021	-0.389047
4.81051	-0.303295
4.56191	-0.0674889
4.66151	0.491195
5.86702	1.2614
6.34066	2.01867
6.66269	1.70989
6.95217	1.58362
7.22155	1.25453
7.4534	0.845824
7.41527	0.615663
7.3076	0.311302
7.03584	0.0760008
6.58045	-0.0923154
5.73305	0.0666496
4.48749	1.41952
4.35101	1.60202
4.48996	1.37272
4.13457	1.63335
3.85894	1.42588
3.73389	1.30387
3.72826	1.27584
3.56807	1.17155
3.43361	1.45744
4.8276	0.819489
5.63426	0.92084
6.13182	1.53742
6.54216	1.77049
6.45608	1.93659
6.28477	2.02628
6.09365	2.04669
6.32213	1.86214
6.55135	1.64724
6.66431	1.51431
6.7956	1.49139
6.76259	1.45882
6.4805	1.63412
6.22029	1.71626
5.8173	1.68821
4.93558	1.67317
3.85935	1.90109
3.33642	1.58993
3.22362	1.42206
3.47302	1.5427
3.77913	1.59281
3.28908	1.34816
3.39873	1.41441
3.24443	1.46935
3.21318	1.50798
4.25339	1.76226
5.33183	1.75924
4.82204	2.03975
4.64591	2.05775
5.13798	1.95607
5.10413	2.03306
5.16172	1.98753
5.15789	1.85158
5.27095	1.78414
5.33091	1.74431
5.20397	1.85822
4.70191	1.68915
4.54733	1.82147
4.72229	1.67263
4.6994	1.78601
4.79508	1.843
4.81152	1.91117
5.11595	1.50381
5.59322	1.4315
5.53874	2.11986
5.57731	2.0044
5.56556	2.05468
5.60697	2.01336
5.61209	1.88963
4.86966	2.15406
4.22032	1.75143
4.12219	0.630177
4.30733	0.0488056
4.42563	-0.38853
4.54972	-0.610442
4.57876	-0.790862
4.6574	-1.02882
4.64916	-0.959089
4.59888	-0.773769
4.50979	-0.563849
4.12284	-0.0316726
3.73376	0.647318
5.44103	1.21904
5.60478	1.64374
5.70215	1.79901
5.76628	1.77035
5.72846	1.88644
5.7879	1.77263
5.93398	1.71865
6.1108	1.65812
6.27765	1.60056
6.31233	1.75505
6.3709	1.83817
6.30113	1.93285
6.28201	1.90787
6.14999	1.94192
5.9689	1.9456
5.78387	1.95765
5.52751	1.99134
5.20916	1.2839
5.0094	0.568393
5.40493	1.24649
5.14801	1.90361
4.90995	1.60842
4.38286	1.73137
4.66764	2.07123
4.79469	2.07428
4.74843	2.21269
4.91567	1.9484
4.97245	1.86355
5.1385	1.68643
5.0267	1.49492
4.71993	1.33781
4.81088	0.989596
4.79707	0.576291
4.86744	0.140727
4.97127	-0.168652
4.84121	-0.252953
4.9854	-0.0975342
4.95809	-0.10596
4.89483	-0.0643034
4.94604	0.109035
5.05757	0.39561
5.07322	0.514942
5.10631	0.75267
5.46931	0.719483
5.61612	0.777101
5.72929	0.891804
5.81997	0.950844
5.78862	1.25956
5.94974	1.25487
6.18261	1.06176
5.75276	1.13822
5.90329	1.04157
4.96031	1.40567
5.29507	1.05892
4.54223	1.34855
4.07266	1.38208
3.71159	1.30799
3.33757	1.13032
3.2265	1.06786
2.95668	0.825804
2.83575	0.575397
2.77693	0.777449
2.73235	0.936969
2.73652	0.782573
2.74387	0.738207
2.58227	0.593807
2.78171	0.513658
2.63494	0.590182
2.80696	0.606394
2.67195	0.590715
2.54402	0.752937
2.99509	0.508469
3.01996	0.648257
3.03829	0.526295
3.00705	0.486439
2.86522	0.515363
2.9407	0.40872
2.97704	0.538712
2.97695	0.699955
2.80743	0.525461
2.90536	0.625479
2.83365	0.699366
3.96963	1.30199
5.13609	1.1624
3.87528	0.888972
3.69461	1.12888
4.36246	1.40821
6.19763	1.31676
6.39386	0.985647
5.80068	1.29559
5.40368	1.33933
5.12293	0.903447
5.04689	0.269327
5.01677	-0.172368
4.97633	-0.544219
5.00542	-0.438361
5.06282	-0.591311
4.91979	-0.473355
4.81148	-0.305506
4.54549	0.124368
5.26225	1.2337
5.82843	1.28447
6.0204	1.37687
6.04833	1.46447
6.06501	1.40169
5.9384	1.5666
5.67082	1.67502
5.48378	1.60054
4.95008	1.7486
4.63915	2.02337
4.61044	2.02873
4.64136	2.08544
4.53546	2.05937
4.48654	2.07303
4.36294	1.9565
4.32916	1.8582
4.15242	1.9706
4.05092	1.83262
5.31623	0.877114
5.25121	0.911941
5.42492	0.624359
5.80852	0.949693
6.18041	1.23414
6.44212	1.3623
6.60106	1.42817
6.6515	1.53348
6.72811	1.57861
6.73413	1.59027
6.64479	1.59807
6.45146	1.72463
6.29883	1.67951
5.85593	1.82577
5.1486	1.84895
4.20413	1.94379
3.69676	1.7478
3.66953	1.63697
3.47499	1.30381
3.54681	1.0854
4.49078	1.39933
5.21441	1.64351
5.72702	1.48575
5.92818	1.43699
5.89963	1.48439
5.80252	1.56176
5.66383	1.67929
5.39061	1.86689
5.12293	2.03795
5.00439	2.10937
4.91644	2.0545
4.77696	1.99793
4.7435	1.85044
4.42285	2.01957
4.12818	1.91559
3.71776	1.65681
3.5321	1.25764
3.21257	1.15238
3.23756	0.864723
5.36648	-0.0232831
5.25899	0.164966
4.84566	0.221835
5.50251	1.39995
6.19159	1.17935
6.20013	1.25881
6.07036	1.60089
5.75331	1.88125
5.14226	1.97793
4.66471	1.95325
4.68909	2.05433
4.71792	2.14114
4.8382	2.06317
4.83365	2.12017
4.89202	2.06805
4.95153	2.03951
5.0926	2.09608
5.55697	2.09252
5.81719	2.0015
5.98767	1.85317
6.08103	1.83877
6.13071	1.67432
6.1855	1.43997
6.26663	1.14894
6.25867	1.00457
6.22527	0.802205
6.10406	0.563966
6.11834	0.438995
6.25731	0.0580414
6.26551	-0.0441049
6.32197	-0.0635751
6.39578	-0.120539
6.4249	-0.122847
6.52698	-0.0517998
6.43928	0.120097
6.51121	0.249562
6.36992	0.737846
6.42813	1.10375
6.59862	1.18896
6.76779	1.20096
6.6603	1.39777
6.47684	1.61682
5.93355	2.03206
4.91809	2.29373
4.61482	2.03254
4.49724	1.97563
4.30267	1.93598
4.13327	2.00192
4.03363	1.83126
3.93216	1.73322
3.85929	1.5638
3.65449	1.50479
3.58218	1.38013
3.38168	1.20223
3.22546	1.16334
3.05184	1.19849
3.02749	0.858327
3.10156	0.851206
2.93424	0.749464
3.57143	0.822143
4.49926	1.08313
6.03903	1.96159
6.47775	1.85357
6.81794	1.70568
6.78127	1.89486
6.97709	1.57432
6.83897	1.71796
6.49357	1.96634
5.7353	2.21779
4.14976	1.58389
3.61561	1.64379
3.51419	1.41177
3.39364	1.29476
3.40616	1.0754
3.42502	0.962772
4.55995	-0.177322
4.52518	-0.749532
4.8531	-0.824082
5.15083	-0.406808
5.33685	-0.55508
4.71438	-0.2991
4.42333	-0.242154
3.99195	0.101594
3.61904	0.232142
3.57549	0.483901
3.47532	0.465037
3.74197	0.38208
3.81844	0.44951
3.81049	0.708452
4.31491	1.33047
5.01307	1.65873
5.30475	1.45103
5.40431	1.52441
5.57211	1.35005
5.51368	1.11191
5.07086	0.910872
4.9328	0.212554
5.12577	-0.392686
5.13275	-0.553768
5.02486	-0.687566
5.04048	-1.0742
5.21044	-1.08759
5.14904	-1.01063
4.98026	-0.779493
4.87985	-0.689329
4.62476	-0.342648
4.66858	0.27191
5.71642	0.751674
5.87626	0.744942
5.94962	0.738578
6.06838	0.688468
6.10938	0.741415
5.84612	1.15414
5.74062	1.40832
5.65816	1.53874
5.098	1.88298
4.06611	1.74784
3.8996	1.67775
3.73305	1.81713
3.7847	1.68287
3.81064	1.64669
3.73992	1.54558
3.54738	1.53263
3.61934	1.51314
4.64909	1.17402
5.30926	1.34215
5.5445	1.96253
5.47605	1.90663
5.35815	1.93459
5.3491	1.77825
5.17708	1.56736
4.84613	1.54056
4.80599	1.45458
5.35728	1.30307
5.41905	1.73082
5.79174	1.80495
5.32099	1.57007
5.43874	1.66818
4.92277	1.84431
4.64429	1.84659
4.53438	1.76099
4.51326	1.79408
4.54566	1.56837
4.62483	1.55726
4.11317	1.37556
3.99004	1.52919
3.77628	1.24292
4.21462	0.274765
4.30384	-0.165923
4.45875	-0.426837
4.63387	-0.648299
4.57947	-0.807004
4.5823	-1.21363
4.48437	-1.07379
4.52648	-0.71275
4.63264	-0.864461
4.65418	-0.943596
4.76506	-0.853368
4.79483	-0.725022
4.59201	-0.54656
4.44982	-0.610359
4.10605	-0.51376
3.87272	-0.0611196
3.66778	-0.0670164
3.63036	0.179294
3.49645	0.383006
3.34971	0.626156
3.13369	0.635396
3.1481	0.645057
3.10255	0.635303
3.12599	0.608545
3.04047	0.876962
3.02506	0.633197
2.54715	0.716283
2.86044	0.490515
2.96459	0.496163
3.06788	0.550854
2.9781	0.440601
3.12059	0.549451
2.93053	0.532898
2.92469	0.494662
2.93159	0.459685
3.07034	0.67642
2.9675	0.59957
2.92192	0.476719
2.87953	0.578276
2.94889	0.48919
3.04393	0.512238
3.02379	0.53716
3.09913	0.344702
3.04158	0.541969
3.1561	0.674977
2.96571	0.665718
3.02523	0.650464
3.20784	1.00497
3.01017	0.616864
3.49842	0.421245
3.5848	0.523358
3.42463	0.847971
3.0826	0.822938
3.37738	0.710433
5.29418	0.00163621
6.03434	-0.150625
6.07901	0.0575142
6.2601	-0.175323
6.21647	0.115207
6.18919	0.101781
6.08797	0.114869
5.8447	0.214473
5.42707	0.262728
4.7926	0.245164
3.93111	0.785166
3.5179	0.854661
3.38178	0.958201
3.23319	0.845913
3.29908	0.654271
3.16188	0.71637
5.42237	-0.452843
5.99706	-0.37584
4.88093	0.158448
6.4916	0.297714
6.74811	0.593683
6.74623	0.818688
6.85096	0.994253
6.88984	1.10018
6.88368	1.18843
6.86266	1.21412
6.74801	1.23787
6.67756	1.09456
6.5291	0.994532
6.2744	0.890754
6.02679	0.791583
5.64751	0.931823
5.29096	1.44512
4.89871	1.93818
4.90153	1.92256
4.90217	1.80896
4.82706	1.85308
4.93878	1.49618
5.31731	0.848794
6.0188	0.57513
6.50472	0.727629
6.64203	1.00844
6.28523	1.24208
5.83125	1.09031
6.27103	1.27219
6.58912	1.3154
6.75009	1.35725
6.69317	1.43826
6.53298	1.40385
6.19797	1.50792
5.46222	1.83663
4.87811	1.6615
4.76018	1.0086
4.91222	0.486283
4.67942	0.163386
4.78944	-0.0194169
4.69729	-0.222282
4.54545	-0.137221
4.28062	0.251308
4.21868	0.539163
4.35572	1.03763
5.34357	2.16442
6.13877	2.01209
6.36137	1.95717
6.5085	2.06049
6.57504	2.04645
6.35661	2.13426
5.76629	2.03339
4.60777	2.01847
4.55279	1.69959
4.37569	1.96021
4.67581	1.80416
4.78969	1.81154
4.91927	1.9773
4.97202	2.11783
5.07649	2.03267
5.13297	1.94316
5.07518	2.14327
5.17454	2.0642
5.30946	2.00641
5.82736	1.62398
6.53538	1.42257
6.5754	1.22847
6.44017	1.15065
6.1998	1.15739
5.65864	1.36275
4.90667	1.77064
4.6291	1.988
4.41783	2.14175
4.27951	2.00556
4.10866	1.99071
3.89535	1.8181
4.04637	1.15595
4.88606	0.158427
4.27946	0.000273983
4.62407	-0.44179
4.80393	-0.524484
4.82188	-0.257363
4.78779	0.127384
4.57819	0.595356
4.56448	1.18909
5.49799	1.7386
6.10061	1.66442
6.3327	1.70985
6.36742	1.83863
6.40179	1.81155
6.33348	1.82238
6.57694	1.5998
6.61955	1.55118
6.60684	1.60026
6.46599	1.82853
6.47195	1.97273
6.59531	1.90284
6.68878	1.80676
6.54005	1.98873
6.2162	2.26143
5.99062	2.21381
5.87266	1.61699
5.76123	0.82106
5.43165	0.0625861
5.07515	-0.507491
4.9152	-0.570103
4.87422	-0.941999
4.86022	-0.646322
4.88678	-0.491873
4.8947	-0.645666
4.79319	-0.63872
4.6838	-0.298766
4.07868	0.444412
4.02275	1.27342
5.75969	1.58166
6.05702	1.86175
5.87132	2.26746
5.98339	2.18411
5.56825	2.16249
5.17495	2.03414
5.0668	2.19581
4.9702	2.19965
4.84795	2.17182
4.66544	2.15183
4.50041	2.04997
4.35585	1.92211
4.07708	1.82204
3.8278	1.70547
3.53988	1.56881
3.38319	1.21336
3.24482	0.982919
4.4074	0.161773
5.68965	0.0507213
5.18449	0.724932
4.99238	0.69648
4.95127	1.10372
5.55953	1.31438
4.73982	0.887584
5.48682	1.30296
6.28425	1.11904
6.42883	1.27828
6.42474	1.40884
6.36991	1.44201
6.29339	1.4956
6.21714	1.41614
6.09131	1.38513
5.92039	1.47952
5.7565	1.5846
5.54587	1.65615
5.19924	1.79934
4.32968	2.05984
4.11219	1.85716
4.20239	1.7234
4.10349	1.95754
4.17903	1.77264
4.04103	1.93066
4.15016	1.92517
4.51715	1.52466
4.78192	1.10722
4.58923	0.801038
4.57523	0.692132
4.5167	0.79701
4.53891	0.702696
4.62489	0.681129
4.3268	0.759909
4.17455	0.998411
3.93783	1.0862
4.08014	0.659388
4.17521	0.0432587
4.40533	-0.370714
4.48806	-0.405664
4.55153	-0.340857
4.52837	-0.409208
4.44163	-0.233959
4.62274	-0.145941
4.59299	-0.22226
4.65319	-0.14166
4.54816	-0.237474
4.36873	-0.188495
4.33688	-0.156169
4.29826	-0.0477961
4.15787	0.145966
3.70538	0.269154
3.4399	0.41808
3.30628	0.752834
3.31837	0.78293
3.1817	0.853695
3.09423	0.85258
3.12671	0.784407
3.18567	0.775497
3.11017	0.831864
3.15112	0.967703
3.1661	0.854216
3.0791	0.664114
2.93474	0.693157
3.05289	0.744612
2.76923	0.718611
2.79054	0.736446
2.8303	0.510812
2.98822	0.672216
2.88385	0.630627
2.88196	0.468197
2.85028	0.712982
2.82184	0.526226
3.05014	0.7753
3.18979	0.368609
3.48946	-0.114286
3.79847	-0.201917
4.06462	-0.235553
4.37941	-0.417111
4.48214	-0.611315
4.46905	-0.539594
4.34534	-0.48683
4.40173	-0.337581
5.33666	0.211803
5.9128	0.440975
5.82815	0.741315
5.97201	0.54091
5.86967	0.435735
5.45764	0.682018
5.01847	0.540903
5.02863	0.374097
4.91737	0.0457463
4.9638	-0.324603
4.91568	-0.479174
5.05445	-0.560619
4.93494	-0.621457
4.94523	-0.686824
4.81341	-0.4066
4.96203	-0.247275
4.88592	-0.0634617
4.36314	0.289439
4.50971	0.986678
6.30647	1.36694
6.46122	1.82137
6.71511	1.75849
7.00813	1.59453
7.32885	1.27694
7.36446	1.30086
7.46304	1.2118
7.49528	1.19832
7.39498	1.31136
7.36855	1.34447
7.34477	1.34538
7.32152	1.29627
7.33896	1.22066
7.30332	1.18104
7.18237	1.09409
6.94252	1.03109
6.52319	1.09924
5.71249	1.49124
5.43887	1.60543
5.2217	1.66913
4.99853	1.7635
4.75813	1.89611
4.52411	2.02204
4.35851	2.03731
4.3223	1.83083
4.00235	1.73767
3.82155	1.78686
3.54958	1.45473
4.86752	0.149143
4.57539	-0.0170984
4.60175	-0.852417
4.75477	-0.996608
4.83185	-0.955948
4.81854	-0.859131
4.65167	-0.824341
4.52334	-0.809665
4.16251	-0.32724
3.74983	0.557376
3.6773	1.55386
3.16018	0.840277
3.07392	0.737854
3.1048	0.581507
3.0504	0.519151
2.92429	0.636024
2.90375	0.720809
2.86216	0.546754
2.85971	0.567197
2.99279	0.684143
3.18384	1.29402
3.12691	1.04499
3.98252	1.85347
5.02216	2.11963
5.09923	2.10311
5.17109	2.06047
5.07168	2.05598
4.95995	2.11592
4.84149	1.9878
4.88212	1.85329
4.85442	1.90905
4.78455	1.95264
4.73419	2.0278
4.75332	1.9126
4.7106	1.88441
4.50213	2.03472
4.45089	2.10773
4.49549	2.13496
4.61673	2.00332
4.5907	2.11176
4.69387	2.07052
4.95686	1.83466
5.77191	1.66278
6.29364	1.39558
6.43526	1.13447
6.57629	1.00357
6.63256	0.921288
6.71493	0.877088
6.72501	0.843436
6.69532	0.846146
6.65519	0.886168
6.59751	0.967018
6.47073	1.08811
6.22319	1.34046
5.92649	1.54668
5.3922	1.9432
5.11317	1.75478
4.89199	1.66902
4.54091	1.75087
4.35535	1.44403
4.16738	0.793295
4.42267	0.336836
4.62666	-0.140166
4.48631	-0.408799
4.38921	-0.158759
4.26608	-0.335987
4.05689	-0.168218
4.13495	-0.229798
3.95855	-0.243967
3.9446	-0.352624
3.75509	-0.114417
3.36381	0.613969
2.8605	0.820881
2.87292	0.519918
2.92212	0.544891
2.88539	0.566886
2.91729	0.418853
2.8735	0.484005
2.90881	0.509532
2.77288	0.703721
2.8893	0.452801
3.45171	0.675906
4.10455	0.797731
3.68628	0.420272
3.77969	0.78604
5.31655	0.824222
5.89288	1.37244
5.46535	1.80686
4.99474	1.92783
4.46812	1.928
4.09891	2.25357
3.99766	2.35686
3.8785	2.06994
3.82921	2.04752
4.03145	1.88764
4.31685	1.6438
4.79685	1.59271
5.28501	1.40539
5.78641	1.29327
6.24549	0.931115
6.43177	0.688584
6.50633	0.486274
6.45018	0.32793
6.04952	0.413016
4.66099	0.645279
3.68562	1.41038
3.65637	1.60358
3.54604	1.57727
3.49556	1.39279
3.64197	1.35289
3.50977	1.51899
3.39181	1.53938
3.31986	1.44631
3.3682	1.33091
4.13225	0.942661
5.27057	0.655481
5.57861	0.513341
5.56496	0.477374
6.10846	0.105526
6.07683	0.23501
6.23164	0.0849646
6.249	-0.0381709
6.18188	-0.0033806
6.17366	0.0431096
6.14233	0.0136539
6.13091	-0.0458189
6.07316	-0.0608969
6.05866	0.0214134
6.0181	0.11804
6.07484	0.276219
6.21054	0.386411
6.28062	0.561297
6.28198	0.727127
6.27379	0.929246
6.14009	1.06588
5.89013	1.32388
5.85944	1.40164
5.50856	1.81607
5.42603	1.59021
5.51578	1.48715
5.05336	1.72856
4.73548	1.93287
4.84437	1.64145
4.25265	1.52926
3.80739	1.41587
3.99734	0.711517
4.09422	0.246579
4.18436	-0.0246805
4.10915	0.026938
3.969	-0.21133
3.92442	-0.295873
3.99516	-0.32802
3.92828	-0.385322
3.87723	-0.383168
4.07974	-0.320782
4.0535	-0.0727519
4.23963	0.312962
3.96507	-0.300476
3.67071	-0.0634797
3.45234	-0.193282
3.34847	-0.31478
3.21677	0.0676086
3.151	0.372369
3.02535	0.452344
2.9502	0.521604
2.95237	0.761963
2.89608	0.539676
2.97343	0.621991
2.97512	0.511125
2.8359	0.521369
2.9341	0.56553
3.35586	0.476526
3.4535	0.403547
3.75822	-0.0164781
4.19484	-0.0961452
4.47738	-0.00892287
5.00332	-0.193409
5.2324	-0.353039
5.08285	-0.17123
4.77871	0.522361
6.89851	0.628681
6.97382	0.925092
6.96118	0.802566
6.98454	0.731229
6.97172	0.657543
6.95303	0.554971
6.83148	0.629438
6.78551	0.670634
6.80752	0.714377
6.92946	0.753312
7.09397	0.760212
7.1898	0.759757
7.16785	0.88302
7.02229	1.06174
6.67693	1.37507
6.27796	1.63772
5.81918	1.94471
5.39608	2.25823
5.29859	2.1526
5.16327	2.24053
5.149	2.17642
5.03808	2.18344
4.87528	2.22408
5.32387	1.75596
6.23109	1.41851
6.63438	1.5312
6.8172	1.56556
6.48488	1.7984
5.49205	1.87467
5.94155	1.85055
6.38303	1.8376
6.80496	1.63907
6.9412	1.5824
6.96513	1.54068
6.85457	1.62624
6.56734	1.8616
6.11248	2.15442
5.30852	1.98494
5.08918	2.00141
4.86945	1.99938
4.63713	2.10041
4.40461	2.04008
4.19577	1.95391
3.9029	1.9423
4.26778	0.96613
4.95641	0.47005
4.24533	-0.0174701
4.50262	-0.260288
4.56101	-0.423992
4.75698	-0.390546
4.64956	-0.102095
4.20262	0.100145
3.86496	0.844944
4.08181	1.0443
5.3651	1.38972
6.43602	1.78562
6.46132	1.86546
6.92805	1.51476
6.93545	1.56299
7.02593	1.47498
7.0549	1.41151
6.99124	1.46783
6.90282	1.51614
6.72036	1.61734
5.8428	1.90684
4.26231	1.89937
3.76012	1.60213
3.4872	1.49962
3.45075	1.25758
3.4278	1.08
4.15406	0.70653
4.57778	0.665306
6.03101	1.59514
6.5014	1.68687
6.73975	1.56184
6.6901	1.72663
6.862	1.50942
6.63521	1.71979
6.40048	1.91426
5.90177	1.84249
4.15133	1.91604
3.64741	1.76213
3.77027	1.73909
3.60666	1.70958
4.62651	0.430817
4.52203	0.0886482
4.53982	-0.333697
4.77157	-0.693614
4.84125	-0.182159
5.12104	0.298926
5.07958	0.993113
5.46733	1.50157
5.7568	1.65244
5.98463	1.61694
6.11657	1.53248
6.09676	1.68311
5.77333	1.8416
5.22149	1.58506
5.64621	1.56125
6.06298	1.73971
6.2493	1.86097
6.38321	1.79433
6.43345	1.72742
6.21721	2.08147
6.21687	1.99893
6.16488	2.02051
5.7388	1.93373
5.13298	1.63588
5.00746	1.69234
4.7433	1.8548
4.60856	1.77817
4.28951	1.69084
3.87171	1.70759
3.49892	1.67451
3.39438	1.37477
4.68398	0.363981
5.63434	0.256374
5.03474	0.685289
4.28637	1.15568
4.41636	1.68481
6.10012	1.61999
6.06719	1.76185
6.13508	1.722
5.86902	1.79894
5.39685	1.77982
4.05872	1.66812
3.49526	1.28372
3.2802	1.39011
3.26048	1.2012
3.20131	0.955973
4.63368	0.367682
5.92432	0.559258
5.71752	0.66024
4.52503	1.24083
6.44056	1.52763
6.40942	1.91023
6.32623	2.06856
6.2753	2.00385
6.07711	1.99181
5.94832	2.14597
5.97952	2.07538
5.88904	2.04435
5.76507	2.04149
5.61581	2.0474
5.64582	1.80711
5.50079	1.70311
5.20847	1.65309
4.47589	1.61284
3.80397	1.67342
4.20303	0.968625
4.12007	0.958054
4.23513	0.719248
5.5117	0.414269
5.59935	0.53855
5.85707	0.687841
5.95642	0.729748
5.74904	0.353003
5.71098	0.307195
5.76138	0.228046
5.61057	0.418789
5.67302	0.311841
5.75291	0.297723
5.82637	0.273594
5.69854	0.495793
5.7247	0.565293
5.99589	0.438125
6.18659	0.456918
6.23834	0.728815
5.42306	1.10615
5.54833	1.22439
5.3445	1.56972
5.33361	1.70719
5.24841	1.58751
5.06393	1.6806
4.64849	1.86195
4.20885	2.02107
4.39555	1.82767
4.19826	1.77288
3.77703	1.49669
3.62435	1.56191
3.62436	1.27662
3.46608	1.11307
3.32269	1.02956
3.1584	0.873859
3.03486	0.885004
2.994	0.863086
2.95908	0.687667
3.00184	0.821131
2.998	0.647802
3.0136	0.540706
2.85842	0.56102
2.84375	0.536936
2.90568	0.427762
3.01106	0.72129
2.8485	0.524113
3.29656	0.0948037
2.7977	0.56544
2.94998	0.611355
2.93932	0.61447
2.90966	0.454306
3.60926	0.0792585
2.97649	0.295166
2.75323	0.396298
2.95534	0.692141
2.87861	0.769826
2.8014	0.830266
2.96561	0.812532
3.70292	0.776554
4.75727	1.28349
5.20412	1.75821
5.74527	1.59454
5.76835	1.82397
6.30431	1.15133
6.63624	1.57231
6.68284	1.95197
6.83104	1.79536
6.84963	1.70982
6.53059	1.90001
6.22664	1.99168
5.80041	1.88622
5.19352	1.78374
4.92293	0.829645
5.06824	0.322974
5.22842	-0.158614
4.94061	-0.398735
4.93675	-0.411552
5.01881	-0.402459
4.97235	-0.288733
4.77473	-0.074053
5.24232	1.26527
6.30558	1.7476
6.4205	1.88122
6.61867	1.80115
6.52809	2.05263
6.28096	2.36012
6.08999	2.38789
5.88981	1.87633
5.70637	1.70512
5.55266	1.71185
5.66698	1.80463
5.63895	1.90078
4.86403	1.82688
3.50948	1.71057
3.44302	1.47334
3.46059	1.41559
4.2728	0.910909
5.13801	0.315126
4.23094	1.01633
4.69921	1.70716
5.24539	1.82863
5.47986	1.98596
5.53957	2.10028
5.58708	2.00245
5.58615	2.03083
5.59945	1.98593
5.48378	2.25096
5.58732	2.27565
5.79337	2.21523
6.39157	1.70701
6.33916	1.96512
6.31746	2.08073
6.39443	2.07836
6.43566	2.04727
6.18699	2.40266
6.2562	2.02147
6.19171	1.93342
5.95107	1.90766
5.52744	1.93034
5.28099	1.17167
5.06423	0.479168
5.05602	0.128522
4.83401	-0.250176
4.96576	-0.400972
5.12331	-0.335711
4.83468	-0.0706736
4.94003	0.0732869
4.70772	0.303338
4.9988	1.43271
5.14854	1.91677
5.37857	1.74742
5.48683	1.82705
5.45829	2.07977
5.24535	2.0383
5.13672	1.33575
4.98277	1.02892
4.98773	1.15953
4.68139	1.0356
3.45733	1.16011
3.16617	1.09546
3.0392	0.935825
3.09838	0.735879
3.03379	0.882601
3.10173	0.797062
3.16473	0.631578
4.82212	0.784961
5.05311	0.716853
4.96894	1.17132
6.13499	1.63327
6.35103	1.53373
6.35295	1.57117
6.35772	1.52366
6.31657	1.4827
6.24444	1.34037
5.90602	1.23427
5.12533	1.13477
4.38598	0.917237
4.48656	0.397384
3.70362	0.722096
3.20002	1.05665
3.83935	0.521799
4.2712	0.191683
3.91798	-0.316641
4.12527	-0.235503
4.26588	-0.57287
4.83823	0.597132
5.68431	1.42878
5.76494	1.51842
5.93699	1.54695
6.08067	1.57191
6.09633	1.79925
6.16939	1.82845
6.2566	1.80835
6.17791	1.90278
6.09071	1.81283
5.31328	1.78467
3.73083	1.75197
3.48602	1.50377
3.44646	1.3934
3.24545	1.07769
3.21374	0.950507
3.16367	0.90586
3.54303	1.01673
3.84224	1.18151
3.93651	0.961758
4.14082	1.36186
5.31103	1.91051
4.77377	1.87234
4.01826	1.7455
4.91461	1.93304
5.78027	1.71221
6.20915	1.60424
6.31377	1.4366
6.22787	1.57355
6.18688	1.55418
6.25857	1.44155
6.12841	1.63088
6.13661	1.56415
5.97787	1.63961
5.81538	1.67887
5.2397	1.93208
4.70464	1.87338
4.54447	1.93472
4.55916	1.86305
4.53634	1.81691
4.57697	1.89135
4.45772	2.02192
4.7809	1.64359
5.09606	1.11968
5.14073	0.783135
5.05526	0.700606
4.91131	0.747089
4.76636	0.809332
4.61268	0.932263
4.63318	0.765997
4.59917	0.727897
4.49961	0.809531
3.91037	1.19424
3.8562	0.827682
4.03207	0.397802
4.18965	-0.223685
4.16381	-0.721967
4.21917	-0.655541
4.01373	-0.910512
4.16816	-0.909439
4.28054	-0.875559
4.28794	-0.819813
4.24617	-0.720772
4.27329	-0.843418
4.24486	-0.740308
4.18297	-0.709267
4.14953	-0.58757
4.47109	-0.315614
3.9684	-0.569985
3.80946	-0.29684
3.48987	-0.102478
3.52824	-0.363592
3.40666	-0.0589087
3.32355	0.261232
3.22473	0.232001
3.08338	0.411519
2.99621	0.574874
3.03116	0.526206
3.004	0.553277
2.90148	0.560369
2.86698	0.580862
6.25929	1.42656
6.3293	2.11461
5.88944	2.30702
5.22251	2.37067
5.01994	2.14562
4.85663	2.19362
4.77583	2.11336
4.5636	2.10965
4.27602	2.03381
3.78518	1.93179
3.6022	1.44993
6.2278	0.356185
5.85687	0.773159
5.96485	2.24126
5.70163	1.86002
5.63199	1.62744
6.17984	2.13717
6.37376	2.28232
6.43802	2.32002
6.55528	2.09275
6.35177	2.39256
6.29531	2.2743
6.03762	2.24856
5.62823	2.36723
5.17246	2.18822
4.89644	2.07448
5.09544	1.90447
5.25498	1.74188
5.34191	1.74005
5.56559	1.91265
5.79274	2.15712
6.10419	1.99416
6.11327	2.09177
6.20627	1.91863
6.15658	1.91746
6.16122	1.8589
6.1252	1.81897
6.03482	1.85161
6.05199	1.7535
5.97936	1.74486
5.89046	1.77844
5.97416	1.71708
6.0641	1.64403
6.07738	1.63435
6.02388	1.65257
5.84573	1.59882
5.78341	1.67835
5.96763	1.60385
6.09334	1.69092
6.22497	1.78567
6.35847	1.78179
6.31089	1.9497
6.37631	1.98062
6.35078	2.07101
6.38974	2.03715
6.34189	2.06043
6.27996	1.99186
5.64474	2.40865
5.2598	1.84913
5.155	1.98786
5.25027	1.76992
5.13035	1.90765
4.98337	1.86561
4.84429	1.90573
4.67865	1.87215
4.47832	1.88706
4.17856	1.8799
3.82025	1.78943
4.49744	1.01293
5.37989	0.691176
5.09107	1.28039
5.69393	1.94515
6.17816	1.72512
5.34734	0.78658
4.87171	-0.386747
5.34934	-0.0410755
5.91286	1.33677
6.23218	1.92925
6.3494	2.04037
6.45762	1.93418
6.30278	2.17267
6.22056	2.30838
6.07713	2.32171
5.54065	2.35132
5.02583	2.14235
5.19013	1.90637
5.13046	2.03928
5.26428	1.94332
5.33525	2.2123
5.98669	2.13085
6.22535	2.31321
6.28245	2.23139
6.33169	1.95281
6.04963	1.8746
5.3729	1.95399
4.56815	1.95977
3.91872	2.00621
3.6059	1.54331
3.4538	1.21467
3.40023	1.06929
5.0429	0.367409
5.80085	0.427561
4.695	0.35197
5.17623	1.31526
6.30018	1.30037
6.17759	1.48232
6.11475	1.70043
5.52983	1.85798
4.38318	1.41552
3.59965	1.61217
3.53848	1.67975
3.50877	1.62178
3.48962	1.51619
3.368	1.55138
3.39745	1.64307
3.59873	1.42
3.61324	1.40653
4.26069	0.630596
5.0409	-0.0540992
4.7499	0.208606
5.26302	0.0614078
4.74078	-0.45426
4.60931	-0.0390763
4.53605	0.462066
5.03326	1.51608
6.10212	1.51623
6.09738	1.70674
6.04714	1.85689
5.10123	2.03218
5.14331	2.07091
4.90449	1.9863
5.24747	2.04215
4.60661	2.12484
4.45588	2.28526
4.37577	2.10179
4.47234	2.3067
4.2742	2.08738
4.06887	1.9551
3.58065	1.74124
3.22605	1.37632
3.1898	0.829724
3.11548	0.621811
3.0751	0.592161
2.91561	0.652818
2.98151	0.674004
3.08692	0.640989
2.95566	0.74237
3.03543	0.601283
3.14407	0.548478
5.34568	0.886294
4.66165	1.00061
4.45805	0.856646
3.99848	0.826466
3.75182	0.471818
3.61308	0.822557
3.46718	1.03776
3.23875	0.829789
3.14731	0.685193
3.27217	0.748039
3.03278	0.697088
3.00893	0.402153
3.06643	0.771979
2.95115	0.331304
2.96185	0.642358
3.03006	0.713468
2.62932	0.3292
2.95434	0.433025
2.79395	0.396506
2.8708	0.458785
2.95474	0.534187
2.92416	0.481268
2.93137	0.716195
2.93903	0.736409
3.44206	0.955748
5.41376	1.4733
6.5402	1.29115
6.44545	1.88283
6.563	2.02783
6.70913	1.98731
6.83814	1.95512
6.96409	1.72003
6.91673	1.70217
6.77928	1.72063
6.56878	1.72213
6.22619	1.82825
6.0263	1.74424
5.78756	1.73256
5.59751	1.59505
5.3868	1.63225
5.274	1.5865
5.26769	1.51581
5.19888	1.35683
5.29157	1.13594
5.29676	1.07735
5.34861	1.03364
5.57826	0.942721
5.93789	0.900176
6.32322	0.787184
6.59226	0.555925
6.72774	0.329166
6.80353	0.146524
6.81042	0.0773692
6.79141	0.112441
6.77526	0.245312
6.76719	0.404195
6.73863	0.623181
6.66284	0.935568
6.37466	1.32444
5.79738	1.61214
5.33179	1.56677
4.88925	1.68372
4.93701	1.59217
5.0081	1.95105
4.57057	1.91077
4.55407	1.90764
4.67322	1.78682
4.79445	1.81147
4.80549	2.01499
4.96126	1.95998
5.84587	1.68674
5.95822	2.1718
6.26545	2.03547
6.35524	1.97572
6.34745	1.96443
6.42678	1.83168
6.44107	1.81106
6.52738	1.65364
6.54545	1.60829
6.4559	1.62706
6.33633	1.62218
6.11451	1.59923
5.82296	1.47184
5.50209	1.17829
4.96089	1.07125
4.80409	-0.0767865
4.77337	-0.481731
4.73873	-0.664019
4.72924	-0.94662
4.94809	-0.89009
4.87779	-0.420518
4.90873	-0.605463
4.87861	-0.274089
4.35332	0.0645024
3.88853	0.724244
4.26099	1.66088
5.00211	2.0305
4.86233	1.95304
4.84338	2.05517
4.8962	2.00561
4.8937	1.86844
4.75178	1.95378
4.62338	1.99367
4.31146	1.9469
3.77875	1.80045
3.37284	1.37393
3.12773	1.10815
3.59838	0.828347
5.14444	0.657607
4.16116	0.986456
5.45697	2.17558
6.04264	1.76494
6.09999	1.75186
6.00028	1.75264
5.58675	1.85467
5.02994	1.70331
4.77422	0.917575
4.73621	0.196068
4.64483	0.0225799
4.57818	-0.00542455
4.65166	0.0056961
4.45466	-0.0289806
4.50176	0.233609
4.21599	0.40639
4.02779	1.05221
5.42531	1.76896
5.78845	2.25035
5.80156	2.10364
5.63585	2.1576
5.23097	1.90655
4.40809	1.78698
3.5794	1.48466
3.30285	1.36119
3.20293	1.14748
3.08287	0.780642
2.94799	0.96913
3.03083	0.81485
3.54015	0.7997
4.21453	1.11795
3.32436	0.939005
5.26774	1.09441
6.45069	1.12265
6.24426	1.50609
6.28092	1.37435
5.68084	1.63864
4.82475	2.03505
4.83102	2.12696
4.91655	1.99402
4.77064	2.07821
4.74932	2.06077
4.73025	2.02508
4.61944	2.04674
4.40862	2.05979
4.63379	1.55834
4.58795	1.1949
4.24577	0.827506
4.0157	0.613303
4.27538	0.401374
4.046	0.0757976
3.98036	-0.0232432
3.76237	-0.182147
3.52806	0.108818
3.31825	0.454833
3.49661	0.994199
4.36988	1.99211
4.70032	2.18252
4.946	2.33609
5.14326	2.3273
5.3266	2.27289
5.5455	2.16347
5.50733	2.15047
5.28088	2.15664
4.86598	2.2636
4.50524	1.71121
4.42976	0.982976
4.6792	0.217992
4.90254	-0.6577
4.98777	-1.04736
5.06559	-1.07988
5.23205	-1.25856
5.27854	-1.27674
4.96957	-1.13331
4.98871	-0.998107
4.83286	-0.668374
4.24732	-0.276373
3.83568	0.653999
4.3685	1.65652
4.8946	1.6361
5.02929	1.48508
5.10555	1.52927
5.2363	1.44041
5.17814	1.5799
4.93931	1.78318
4.69444	2.0592
4.88667	1.96687
5.00746	2.17475
5.29149	2.19008
5.5926	2.11001
5.86122	1.88161
6.00898	1.79727
6.01895	1.80571
6.08166	1.75899
6.04656	1.84679
5.92896	1.99707
5.91073	1.94254
5.90422	1.87038
5.94517	1.99023
5.71391	1.81996
5.42267	1.82871
4.6543	1.9353
4.95997	1.69986
4.54776	1.71082
4.44546	1.66621
4.37701	1.79468
4.24464	1.77701
4.36397	1.71423
4.3264	1.52538
3.9784	1.54915
3.78189	1.36063
3.6849	1.36604
3.59657	1.18229
2.44525	0.0583943
2.84213	0.300452
2.88401	0.602265
2.78364	0.466517
3.5318	1.40306
4.38632	1.91931
4.99636	2.18086
5.05682	2.14943
5.29098	2.1536
5.42959	2.12089
5.55784	1.78528
5.12789	1.82312
5.16413	1.78358
5.35676	1.70222
5.93009	1.03808
5.83378	1.40596
6.25563	1.84486
6.42819	2.02944
6.6291	2.00376
6.64982	2.08263
6.63813	1.79801
6.55694	1.41034
6.23076	1.91549
5.79357	2.12845
5.46289	1.84531
4.94211	1.61979
4.10233	1.59234
3.92205	1.2461
3.73047	0.725964
3.99211	0.285378
5.2851	0.374718
5.93638	0.580495
6.12942	0.902046
6.22309	1.06251
6.3976	1.42038
6.55417	1.65065
6.69122	1.59527
6.56619	1.60005
6.11203	1.65088
5.35933	1.6853
5.19285	0.378431
5.0566	-0.197173
5.16769	-0.494932
5.20608	-0.334641
5.23743	-0.366291
5.19038	0.313229
5.19465	1.34651
5.24093	1.6001
4.79593	1.80933
4.37367	1.76531
3.89818	1.70747
3.71666	1.63898
3.53174	1.55229
3.53686	1.44175
4.99612	1.2656
5.74417	1.65489
6.20645	1.98397
6.36034	1.97471
6.56169	1.90906
6.59641	1.89007
6.28989	2.00986
5.59593	1.82126
5.70108	1.78397
5.79503	2.25742
5.19617	2.41962
3.9004	2.12082
3.66232	1.76819
3.48499	1.54281
3.39534	1.4895
3.41758	1.01296
3.24038	0.951914
3.42432	0.922062
3.29071	1.18987
3.52076	1.44248
4.06661	1.73973
4.50107	2.02581
5.11559	1.91113
5.37783	2.0161
5.5727	1.88321
5.01025	1.47832
3.83803	1.48921
3.43331	1.52738
3.39253	1.10477
5.26527	0.448224
5.39032	0.241231
5.20261	0.0873245
4.40433	0.7
3.99636	1.26931
6.15791	1.78611
6.33931	1.86116
6.60573	1.56561
6.41815	1.74311
6.37526	1.64649
6.08741	1.7715
5.71525	1.8897
5.18972	2.02709
4.95684	1.94016
4.82858	1.81088
4.56032	1.97059
4.37918	1.84016
3.85545	1.74593
4.51036	0.645634
4.73717	0.166009
4.47136	-0.0322122
4.7384	-0.043642
4.84007	-0.377285
4.8364	-0.1365
4.75785	0.728472
5.61028	1.52053
5.96357	1.54412
6.18758	1.5114
6.31072	1.54438
6.21897	1.89552
6.23926	1.98711
6.17785	2.12652
6.26862	1.96454
6.39356	1.84229
6.4589	1.87343
6.66561	1.68967
6.75174	1.57038
6.85291	1.31128
6.82469	1.14613
6.72128	0.858754
6.58098	0.587181
6.20979	0.546084
5.66883	0.848896
4.80506	2.00033
4.76578	2.03856
4.6776	1.94431
4.58943	1.94891
4.22216	1.91327
3.66913	1.61581
3.36393	1.42459
3.29946	1.23171
3.28045	0.976632
5.24468	0.166923
5.6057	0.324789
5.56392	1.36969
6.69272	1.56177
6.61777	1.6488
6.65374	1.6724
6.56424	1.86857
6.45028	2.05912
6.21583	2.048
5.48946	1.48146
5.91389	1.70708
6.17887	1.97471
5.90649	2.15654
5.29987	2.1849
4.59655	2.17377
4.51395	2.08861
4.56615	1.98321
4.86821	1.94178
5.32746	1.8165
5.77884	1.81955
5.99338	1.96892
6.11972	2.02071
6.32679	1.86947
6.40061	1.73925
6.36482	1.7922
6.24104	1.82826
5.69968	2.13448
5.06278	2.03126
4.90649	1.84014
4.87067	1.94984
4.89154	1.83868
4.87264	1.7656
5.36233	1.10872
5.43291	0.910042
5.56019	0.616203
5.71733	0.435653
5.8186	0.325615
6.08952	0.216737
6.28578	0.248352
6.49649	0.415419
6.59274	0.778759
6.6927	1.00768
6.67865	1.3487
6.73168	1.54255
6.81115	1.59526
6.69727	1.82188
6.30841	2.07364
6.27353	1.80754
6.28909	1.76122
6.60914	1.24646
6.4071	1.72363
6.69936	1.46762
6.95893	1.41066
6.93479	1.37826
6.71131	1.50595
6.46194	1.54501
6.12282	1.68311
5.76795	1.7339
5.42767	1.83773
5.19593	1.93225
5.10489	1.90129
4.95982	2.02148
4.96986	2.04008
4.85797	1.76699
4.74198	1.85101
4.71636	1.73902
4.69436	1.71845
4.53588	1.80804
4.5893	1.63294
4.83155	1.1268
5.15037	0.586842
5.3327	0.454202
5.64088	0.306694
5.93281	0.2472
6.23373	0.338748
6.38261	0.515342
6.42152	0.703082
6.27728	0.98833
5.95466	1.35886
5.49343	1.64856
4.98569	1.55869
4.65809	0.992781
4.59548	0.27025
5.21467	-0.476103
5.14667	-0.601079
5.12872	-0.524108
5.03022	-0.676323
5.04713	-0.479161
4.82792	-0.387032
4.86371	-0.31366
4.81789	0.192528
4.62	0.397991
4.19911	0.656659
3.91879	1.15364
4.34186	1.75342
4.94842	1.67016
4.63869	1.50811
4.53428	1.51711
4.34836	1.58019
4.4198	1.6471
4.27874	1.54085
4.59538	1.38025
5.22321	0.979979
5.53323	0.910254
5.74775	0.745831
5.95395	0.434853
6.13939	0.339115
6.29112	0.379966
6.39942	0.458627
6.51342	0.674392
6.38967	1.01688
6.49093	1.1049
6.34432	1.29661
6.21654	1.38022
6.11088	1.21784
5.82647	1.33945
4.51355	1.39904
3.62303	1.21949
3.3923	0.943514
3.32745	0.88342
3.74672	0.447474
5.26834	-0.196742
4.7567	0.601821
4.14324	0.423795
4.0303	0.377594
3.97028	0.508643
5.08476	0.931869
5.59455	0.608115
5.53146	0.71856
5.21779	0.611454
4.57132	0.726254
5.07131	0.911908
3.92403	0.312359
3.75678	0.514331
3.62107	0.345225
3.75138	0.576972
3.88388	0.594439
3.96597	1.09847
4.05157	1.11661
4.17437	0.784405
4.17466	1.03603
4.26786	1.547
4.31741	1.82407
4.34877	1.82384
4.28071	1.96693
4.15841	1.73844
4.00946	1.86985
3.88402	1.66878
3.69133	1.56917
3.62242	1.26435
3.48951	1.27641
3.49972	1.20701
3.45021	1.15324
3.13528	1.05508
2.99136	0.802131
3.04285	0.544127
3.03598	0.635049
2.87069	0.717926
3.06977	0.671402
2.81108	0.57935
