0.43778	-0.712688
0.665128	-0.775621
0.7453	-0.719399
0.612812	-0.780659
0.599635	-0.832307
0.686059	-0.535881
0.76889	-0.727796
0.616269	-0.531124
0.586491	-0.636096
0.729368	-0.815523
0.504171	-0.899647
0.575205	-0.810015
0.6214	-0.876833
0.690764	-0.811959
0.669865	-0.611493
1.89675	-0.0603423
2.03729	-0.110258
1.9875	0.239807
2.19645	-0.173027
2.13924	-0.0556115
1.98538	-0.0645809
1.99486	-0.145171
1.90534	-0.121828
2.10389	-0.421414
2.0005	-0.370963
1.94567	-0.283098
1.97115	-0.460105
1.91745	-0.531785
1.93106	-0.623069
1.96909	-0.675839
2.0507	-0.746251
2.00197	-0.769679
2.01693	-0.775678
1.92538	-0.733126
1.98437	-0.777199
1.90954	-0.766621
1.54283	-0.571922
1.64289	-0.637555
1.45131	-0.767938
1.28456	-0.825513
1.25646	-0.815322
1.43687	-0.924099
1.40954	-0.983166
1.15143	-0.76093
1.27752	-0.727485
1.24141	-0.552449
1.18015	-0.421954
0.861214	-0.228611
0.551394	-0.556152
0.768876	-0.734068
0.577616	-0.584186
0.0836917	-0.321956
-0.0491522	-0.256584
-0.0187911	-0.238235
0.14031	-0.267579
0.229967	-0.275509
0.439096	-0.380864
0.862169	-0.612259
1.28319	-0.345518
1.36455	0.00792989
1.48862	-0.133577
1.68108	-0.293567
1.66055	-0.325589
1.75222	-0.383212
1.8092	-0.479474
1.80413	-0.617141
1.85301	-0.626157
1.60337	-0.557042
1.61574	-0.48422
1.64326	-0.50051
1.53522	-0.426907
1.447	-0.399962
1.43662	-0.428403
1.22915	-0.373598
1.07848	-0.349143
0.908832	-0.0170566
0.701781	0.189837
0.392927	0.480717
0.348026	0.478031
0.448318	0.194069
0.54362	0.0458371
0.538345	0.104704
0.845967	0.106537
0.973326	0.0869887
0.941595	0.115575
0.976557	-0.071218
1.11303	-0.32658
1.25955	-0.478767
1.48289	-0.441134
1.85202	-0.264998
1.86009	-0.0389108
2.00109	0.0667953
1.9945	0.0442091
1.89303	0.309205
1.09705	0.389545
0.986402	0.245589
0.707777	0.0323375
-0.342757	-0.225144
0.0880906	-0.185778
-0.180311	0.0105261
-0.271775	-0.0541859
0.486667	-0.42648
0.478328	-0.48163
0.751355	-0.562806
0.973278	-0.396381
1.97559	-0.412787
2.17694	-0.384548
1.91341	-0.357644
0.501064	-0.328737
0.923367	-0.393934
1.57487	-0.410036
1.88829	-0.537343
1.95133	-0.315413
1.96538	-0.113952
1.77421	0.0250924
1.40992	-0.00573681
1.20717	-0.228665
0.672166	-0.33761
0.140029	-0.295648
-0.184677	-0.123205
-0.417166	0.0488039
-0.875365	0.101998
-0.958381	-0.258907
-1.41311	0.0836
-1.01416	-0.363849
-0.756233	-0.578537
-0.693015	-0.672987
-0.113502	-0.625267
-0.0149818	-0.602682
0.43914	-0.691611
0.612963	-0.772992
0.376742	-0.81234
0.611449	-0.833498
0.610867	-0.648114
0.727314	-0.602906
0.668727	-0.495297
0.630068	-0.214621
1.12664	-0.370154
1.28583	-0.656505
1.25651	-0.77302
1.27801	-0.462321
1.43649	-0.0737608
0.145853	-0.446997
0.714984	-0.36088
1.18381	-0.529732
1.16734	-0.432055
1.21851	-0.542507
1.26443	-0.58233
1.37943	-0.660791
1.34794	-0.63822
1.16411	-0.396416
1.21013	-0.321544
1.50956	-0.305348
1.59015	-0.2502
1.79822	-0.369709
1.94517	-0.221351
2.05642	-0.0530764
1.96983	-0.141786
2.10708	-0.0187727
2.21116	0.137736
1.85989	0.222336
1.80973	0.0171162
1.5925	0.0168901
1.66273	0.0240479
1.6422	-0.162026
1.59847	-0.358384
1.44835	-0.103496
0.923515	-0.34522
0.270496	-0.550981
0.958408	-0.430041
1.12172	-0.441875
1.2613	-0.621473
1.05479	-0.522972
1.11223	-0.60143
1.58242	-0.0509066
1.79277	0.0764756
1.78777	-0.0245483
1.80678	-0.225804
1.96112	-0.0821132
1.54169	-0.189177
1.9919	-0.0389152
2.2594	-0.572046
1.74876	-0.487675
1.43041	-0.47019
1.58584	-0.370474
2.20468	-0.142708
1.94524	-0.167354
1.94444	-0.0500637
1.75316	-0.322743
1.57856	-0.241689
1.54433	-0.331185
1.34021	-0.256689
1.37531	-0.375549
1.21771	-0.554935
1.04633	-0.639824
0.82408	-0.822604
0.626651	-0.832824
0.453876	-0.845738
0.547532	-0.932645
0.741415	-0.724094
0.648931	-0.969086
0.507065	-0.780402
0.582129	-0.780898
0.615285	-0.787273
0.514647	-0.885853
0.681484	-0.394175
-0.164074	-0.557013
0.0213275	-0.766593
0.670652	-0.80959
0.530443	-1.02417
0.730376	-0.810936
0.664562	-0.555829
0.762273	-0.629502
0.679332	-0.791257
0.410126	-0.937903
0.265577	-0.8219
0.552447	-0.724295
0.246573	-0.935193
0.440475	-0.51091
1.38974	-0.512175
1.2583	-0.331795
1.16672	-0.00397624
0.843288	0.122046
1.19948	-0.0147743
1.44754	-0.199582
1.39099	-0.348135
1.43114	-0.391477
1.35247	-0.487431
1.45297	-0.589907
1.32047	-0.526502
1.29045	-0.556435
1.33141	-0.577623
1.26121	-0.598754
1.16861	-0.498058
1.14807	-0.432004
1.16303	-0.563782
1.19233	-0.643654
1.15757	-0.663793
1.11798	-0.630451
0.865263	-0.54171
0.501096	-0.380083
0.433222	-0.430917
0.366736	-0.481265
0.407058	-0.608908
0.502248	-0.703798
0.703279	-0.642898
0.960693	-0.453515
1.17288	-0.191314
1.31892	0.0444097
1.43011	0.10531
1.43153	0.103157
1.55304	-0.132229
2.06615	-0.45782
2.24375	-0.329648
1.63091	-0.140648
1.35409	-0.685992
1.80545	-0.435296
2.09981	-0.523285
1.56716	-0.365819
1.73185	-0.514103
1.80192	-0.77292
1.51482	-0.819171
1.35271	-0.779759
1.20347	-0.767912
1.00901	-0.787771
1.01487	-0.831642
0.919691	-0.733209
0.917804	-0.708335
1.01886	-0.710422
1.06639	-0.712847
1.16639	-0.678359
1.34539	-0.737525
1.52512	-0.80066
1.43806	-0.594504
1.41432	-0.521581
1.39169	-0.570191
1.3378	-0.624263
1.56288	-0.897731
1.63535	-0.88755
1.59816	-0.782491
1.66801	-0.820859
1.74536	-0.885935
1.64065	-0.836606
1.67798	-0.913087
1.67774	-0.605074
1.25118	-0.515788
1.23605	-0.580533
1.37832	-0.686586
1.58375	-0.841641
1.56409	-0.810112
1.85792	-0.780816
1.89799	-0.682629
1.8963	-0.642158
1.85572	-0.240709
1.92496	-0.143714
1.8254	-0.353019
1.8885	-0.360986
1.43019	-0.114079
1.07335	-0.422685
1.02874	-0.483026
0.953496	-0.578061
0.59132	-0.899416
0.488742	-0.99287
0.46936	-0.521884
1.64078	-0.888364
1.41227	-0.794263
1.83766	-0.570996
2.22632	-0.960766
2.33253	-0.133845
1.80825	-0.0730326
1.59871	-0.121079
1.69877	-0.0868168
1.12179	-0.383733
0.697887	-0.89451
1.01507	-0.386364
1.29965	-0.19531
1.77325	-0.0731073
1.22883	-0.111247
1.18924	-0.0526423
1.24361	-0.0199999
1.4534	-0.0157171
1.51114	0.00733617
1.50831	-0.00865313
1.28138	-0.063755
1.18097	-0.141515
0.568555	-0.759323
0.52983	-0.804219
0.78763	-0.505866
1.15633	-0.48734
1.74821	-0.362833
1.64156	-0.0465515
1.76986	-0.450552
1.43638	0.167407
1.25548	0.101279
0.328071	0.471932
-0.418514	0.285026
-0.637822	0.038242
-0.885439	-0.148573
-1.29859	-0.29473
-1.26782	-0.164796
-1.13979	-0.338168
-0.953155	-0.518038
-0.715391	-0.479723
-0.312628	-0.250457
1.1379	-0.157021
1.03805	-0.0571314
1.02141	-0.508102
1.24366	-0.178954
1.08384	-0.320671
1.25086	0.206431
0.477485	0.482459
-0.155375	0.43097
-0.388009	-0.0562895
-0.0967662	-0.36017
0.114503	-0.521321
0.297701	-0.709746
0.212579	-0.526754
0.187659	-0.430969
0.23248	-0.465335
0.942066	-0.506536
0.62486	-0.685236
0.799654	-0.54965
1.91484	-0.372853
2.24755	-0.514825
2.43502	-0.580191
2.29714	-0.823622
1.7746	-0.811911
1.85846	-0.693381
1.90301	-0.55465
1.69062	-0.306222
1.36713	-0.0531428
1.08604	0.212766
0.890584	0.226454
0.850724	-0.025121
1.45848	-0.327467
1.88196	-0.27874
2.12167	-0.438347
1.96318	-0.315906
1.81035	-0.244979
1.79238	-0.227506
1.73153	-0.0679975
1.64572	0.106462
1.46538	-0.152433
1.35353	-0.116713
1.1629	-0.280023
0.938791	-0.766347
0.907858	-0.851691
0.719478	-0.921782
1.12723	-0.436259
1.91451	-0.0412657
2.05574	-0.363334
1.95852	-0.275572
2.08606	-0.36013
2.1615	-0.33407
1.90257	-0.203359
1.48538	-0.189099
1.51965	-0.0603902
1.3687	0.32261
1.08406	0.250295
1.18775	-0.187687
1.00241	-0.540652
0.966517	-0.739892
1.04367	-0.599272
0.891263	-0.621101
1.21462	-0.766766
1.11029	-0.250297
1.65977	-0.504602
1.95092	-0.550079
2.01148	-0.746189
1.77096	-0.731809
1.77811	-0.825514
1.62614	-0.733518
1.66713	-0.73628
1.72824	-0.736917
1.87353	-0.73885
1.98196	-0.654627
1.80744	-0.654893
1.86713	-0.682148
1.80752	-0.412307
1.92231	-0.268101
1.85691	0.00314008
2.04061	-0.061789
1.85203	0.0522623
1.7035	-0.0501544
1.50868	0.0957401
1.4869	-0.050287
1.2358	-0.319983
1.11693	-0.281441
1.15802	-0.19298
1.18017	-0.228826
0.400133	-0.743734
0.449091	-0.897811
0.626127	-0.898752
0.54566	-0.780725
0.414655	-0.80285
0.5659	-0.788344
0.460308	-0.777132
0.689861	-0.769875
0.759139	-0.566721
0.744588	-0.678417
0.50188	-0.657998
0.479136	-0.26855
0.809452	-0.314955
1.03732	-0.477496
1.04996	-0.295746
1.1441	-0.197297
1.03222	0.0378342
0.614567	0.21505
0.28933	0.178452
0.16856	0.0490295
-0.220366	-0.171555
-0.318292	-0.242443
-0.409074	-0.399115
-0.358478	-0.73157
-0.313904	-0.556823
-0.183514	-0.504444
0.0164612	-0.640999
0.00469286	-0.401079
0.0868302	-0.74376
0.0464226	-0.712629
0.329509	-0.648104
1.29182	-0.144084
2.01615	-0.238996
1.88761	-0.285716
1.88833	-0.315353
1.89221	-0.217677
1.95164	-0.0164281
1.96189	0.107354
0.775498	0.272989
0.0729529	0.294525
-0.229077	-0.168466
-0.457741	-0.289719
-0.617215	0.00666857
-0.558103	-0.315476
-0.0652603	-0.194794
0.937833	0.207094
1.17513	-0.150019
1.29472	-0.470749
1.05516	-0.339138
1.35062	-0.462746
1.6149	-0.794287
1.64821	-0.768607
1.79418	-0.66818
1.74971	-0.530026
1.75327	-0.281712
1.82779	-0.180527
1.85278	-0.203887
1.7985	-0.472171
1.91946	-0.520071
1.87414	-0.435733
1.79562	-0.257992
1.88775	-0.186285
1.86545	0.0311667
1.87281	0.244919
1.87432	0.123213
1.41816	-0.117122
1.18482	0.0419078
1.3739	-0.251928
1.52588	0.165411
1.79939	0.0523179
2.20999	-0.0933289
2.37095	-0.112708
2.2757	-0.0918821
2.10684	0.0364345
2.01671	0.104521
2.01476	0.184671
2.16796	0.130569
1.85589	0.271895
1.62411	0.0486059
0.728434	-0.397282
0.385929	-0.743064
0.146455	-1.00275
-0.0496461	-1.06666
-0.153758	-1.07672
-0.0627928	-1.15949
-0.141112	-1.08685
0.345678	-0.858773
0.424575	-1.00995
0.864803	-0.737624
0.95265	-0.466645
1.03128	-0.509828
1.04617	-0.527964
1.04833	-0.509937
1.26257	-0.445799
1.53796	-0.330904
1.69425	-0.129629
1.80504	0.211908
1.96521	0.190753
1.93262	0.201938
2.17229	0.331636
2.0051	0.225467
1.89826	0.341823
1.85266	0.184773
1.87422	-0.0789479
1.82566	-0.43857
1.68283	-0.604318
1.48909	-0.167669
0.950028	-0.367902
0.362762	-0.63122
0.734216	-0.490118
1.84426	-0.513524
1.74373	-0.597093
1.74611	-0.629978
1.54481	-0.831304
1.72228	-0.96252
1.53696	-1.02102
1.42038	-0.978483
1.25844	-0.91812
1.13455	-0.835912
0.820241	-0.643368
0.455767	-0.368383
0.192356	-0.217692
0.06104	-0.142574
0.18499	-0.274914
0.566489	-0.403396
0.923945	-0.430385
1.03482	-0.451848
1.04622	-0.269505
1.17749	-0.248774
1.31121	-0.267738
1.3012	-0.201665
1.28657	-0.0958568
1.27903	-0.233295
1.12664	-0.172063
0.627884	0.113024
0.00509031	-0.21999
-0.478903	-0.316531
-0.787997	-0.319827
-0.742663	-0.294557
-0.874446	-0.177172
-0.898137	-0.348684
-1.04613	-0.19629
-0.946559	-0.239508
-0.781746	-0.152674
-0.338714	-0.23648
0.262065	-0.285718
0.948417	-0.397846
1.70289	-0.449811
1.91757	-0.451382
1.85922	-0.530555
1.61605	-0.676595
1.65297	-0.600713
1.79142	-0.744187
2.01067	-0.529962
2.09004	-0.878614
2.20148	-0.671918
2.25513	-0.681116
2.47862	-0.512773
2.25156	-0.290548
2.21721	-0.144445
2.05199	-0.0457415
1.99934	0.0227896
1.51725	0.0400715
1.20142	0.0213271
1.20371	-0.186887
1.15379	-0.269304
1.20767	-0.645706
0.970964	-0.618142
0.793525	-0.78109
0.790677	-0.745781
0.70545	-0.643957
0.62754	-0.840147
0.487638	-0.956354
0.732917	-0.783388
0.533799	-0.942264
0.706556	-0.469898
0.776256	-0.799003
0.597479	-0.805881
0.435588	-0.919144
0.693635	-0.884868
0.631015	-0.81147
0.57881	-0.689706
0.692698	-0.698506
1.04377	-0.750068
1.22131	-0.36822
1.69333	0.0872393
1.5595	0.0927429
1.54111	0.0590352
1.64212	-0.132576
1.68819	0.0351718
1.32925	0.0738577
0.921922	-0.346243
0.999333	-0.476066
0.814985	-0.325354
0.95888	-0.344149
0.934794	-0.313536
0.79219	-0.0825649
0.765746	0.236381
0.531232	0.0553921
0.395088	-0.0910204
0.0488817	-0.266609
-0.0987633	-0.40748
-0.249312	-0.460629
-0.562905	-0.470019
-0.38968	-0.33157
-0.551887	-0.405162
-0.510575	-0.353028
-0.474324	-0.59828
-0.168173	-0.444474
0.552525	-0.291336
1.2627	-0.575017
1.59074	-0.662103
1.56748	-0.678306
1.69837	-0.937555
1.61838	-0.964867
1.5066	-0.888227
1.55397	-0.904723
1.51014	-0.782052
1.62237	-0.673093
1.9403	-0.544787
1.97532	-0.58073
2.03362	-0.48274
2.1246	-0.552982
2.07689	-0.475422
1.93616	-0.358423
2.06801	-0.437128
1.973	-0.427731
2.05472	-0.319313
1.97532	-0.345472
1.1922	0.100949
0.261634	0.212222
0.749614	0.190803
0.082757	-0.363513
-0.116033	-0.186658
0.262934	-0.188434
0.549251	-0.245177
0.530209	-0.135354
0.197675	-0.0543084
-0.0572386	0.123764
0.304015	0.110253
1.12256	-0.404092
1.30882	-0.91291
1.45368	-0.928572
1.57711	-0.970823
1.69749	-0.940702
1.90775	-0.887081
2.0512	-0.664734
2.18601	-0.427969
1.9357	-0.0692053
1.17552	-0.0771656
0.325967	-0.580357
-0.119547	-0.893214
-0.362494	-1.10239
-0.1176	-1.10465
-0.365735	-0.845923
-0.364364	-0.836908
-0.12588	-0.839877
1.22428	-0.399356
0.598328	-0.524481
0.168297	-0.396876
0.0675587	-0.35724
0.190235	-0.419405
0.621374	-0.319636
1.30155	0.00884074
1.26417	-0.192569
0.945676	-0.412133
0.548246	-0.646534
0.452275	-0.756157
0.652272	-0.730823
0.77383	-0.637161
1.41717	-0.637916
1.71251	-0.516859
1.94205	-0.545836
2.01922	-0.527346
1.97294	-0.335511
2.26507	-0.708372
2.01823	-0.868613
1.83563	-0.758153
1.90976	-0.7562
2.02285	-0.713795
1.89945	-0.704987
1.85121	-0.640401
1.84259	-0.63432
1.9039	-0.32759
1.9366	-0.25106
2.10097	-0.112513
1.82799	0.00882318
1.92605	-0.0807219
1.81748	0.0373657
1.92093	-0.181348
2.00774	-0.327715
1.71509	-0.357696
1.73966	-0.361369
1.64366	-0.230701
1.58371	0.0888013
1.66246	0.00550463
1.62465	-0.0354615
1.49732	-0.0461288
1.53406	0.0101494
1.08997	-0.238265
1.28032	-0.276317
0.923475	-0.431072
-0.377441	-1.41738
-0.319	-1.33926
0.0390159	-0.445606
0.0446228	-0.0614413
0.343644	-0.139375
0.772035	0.0776136
0.547146	-0.440276
0.912368	-0.554084
1.52406	-0.812515
1.36908	-0.780945
1.24784	-0.810016
1.04249	-0.579213
0.922108	-0.282531
1.10548	-0.298421
1.00203	-0.448192
0.900321	-0.515506
0.776336	-0.681977
0.910977	-0.584742
0.809445	-0.755945
0.950555	-0.548312
0.868285	-0.53627
0.367282	-0.898514
0.614125	-0.721096
0.790931	-0.497842
1.53117	-0.46573
1.64545	-0.328898
1.79214	-0.62004
1.85163	-0.774783
2.09491	-0.706813
2.16133	-0.239435
1.82185	0.0868986
1.11901	0.158641
0.212601	-0.115428
-0.153461	-0.396564
-0.0569611	-0.464331
-0.0652216	-0.426852
0.037399	-0.423354
0.144663	-0.63794
0.425194	-0.584493
0.0906353	-0.5894
-0.109477	-0.353516
-0.293427	-0.368453
-0.51891	-0.114193
-0.484447	-0.238032
-0.385325	-0.249283
0.264756	-0.181015
1.62878	-0.621384
1.59879	-0.679479
0.969717	-0.75516
1.25373	-0.558958
2.08774	-0.262185
2.38071	-0.419626
2.37	-0.0509417
2.22205	0.148274
1.99279	0.32738
2.04704	0.494843
2.08287	0.597124
2.11445	0.271673
2.15046	0.161501
2.10716	0.0769619
2.03928	0.028398
2.11655	-0.152551
2.0373	-0.247874
1.89559	-0.328208
1.97076	-0.453782
2.01193	-0.56411
2.03713	-0.35785
2.07395	-0.426565
2.06082	-0.438539
2.065	-0.485586
2.09367	-0.403731
2.1464	-0.423251
2.10946	-0.480371
2.06263	-0.520028
2.0035	-0.478686
1.86717	-0.323701
1.44421	-0.385063
1.12603	-0.480102
0.896973	-0.430547
0.986535	-0.236897
0.99951	-0.341306
0.901073	-0.676991
1.00538	-0.644097
0.451503	-0.563731
0.309649	-0.629528
0.360998	-0.734647
-0.0561889	-0.668017
-0.421807	-0.391632
-0.485427	-0.31165
-0.11821	-0.443019
-0.319631	-0.42101
-0.287002	-0.185645
-0.282806	-0.356901
-0.626891	-0.264029
-0.619145	-0.221602
-0.286222	-0.204452
-0.109249	-0.132664
-0.305934	0.0325801
-0.188085	-0.144
-0.233389	-0.271612
0.12304	-0.237661
0.516178	-0.445475
0.597007	-0.697847
0.374493	-0.742158
0.570943	-0.734203
0.612417	-0.811796
0.610521	-0.557315
0.394866	-0.598869
0.58624	-0.74343
0.695946	-0.80794
0.457766	-0.700718
0.699014	-0.712178
0.632172	-0.77726
0.6577	-0.338267
0.598248	-0.735612
0.491337	-0.677157
0.58223	-0.827367
0.582026	-0.838882
0.613794	-0.803254
0.561003	-0.661488
0.619416	-0.659276
0.671012	-0.834208
0.417548	-1.0246
0.671949	-0.74378
1.00594	-0.393616
1.56745	0.134603
1.67454	0.100892
1.63974	-0.00595145
0.70736	0.112593
0.765963	-0.0566778
1.55939	-0.182417
1.53342	-0.100071
1.54606	0.0278599
1.46976	0.237928
1.46608	0.245452
1.36885	0.439411
1.41526	0.402223
1.25818	0.198569
1.01461	0.191448
0.621279	-0.0405295
0.421226	-0.135948
0.116569	-0.246571
0.108064	-0.159293
0.0156345	-0.145632
0.0581331	-0.139501
0.0173007	-0.236492
0.363555	-0.162117
1.18428	0.0704603
1.62778	0.127788
1.83708	0.0700664
1.85025	0.0830211
1.82232	-0.076738
1.84591	-0.265784
1.93833	-0.522022
2.11095	-0.609149
1.9532	-0.429231
2.24794	-0.497821
2.11173	-0.271564
2.11212	-0.27011
2.00158	-0.159069
1.77979	-0.257733
2.05664	-0.00232814
2.01893	0.042762
1.90584	0.190001
1.51575	0.516686
0.545404	0.612448
9.87511e-05	0.473507
-0.158039	0.261891
0.1815	0.431593
0.79584	0.544634
1.17522	0.417688
1.38148	0.216139
1.3835	0.389723
1.5795	0.224761
1.61433	0.271553
1.56781	0.175273
1.68752	0.0381922
1.5132	0.143839
1.25968	0.218455
0.745347	0.116635
0.00622003	0.00655121
-0.240095	-0.196242
-0.429334	-0.00672529
-0.63912	-0.0578421
-0.921885	-0.421589
-0.728544	-0.155471
-0.456487	-0.320911
-0.238663	-0.254631
-0.158944	-0.380284
0.0328769	-0.638178
0.460562	-0.580051
0.539904	-0.530068
0.407345	-0.408105
1.11291	-0.289348
0.976176	-0.51916
1.61187	-0.821197
1.20845	-0.76654
0.950448	-0.742346
1.11891	-0.78171
1.43788	-0.872696
1.30604	-0.594163
1.12394	-0.366582
1.0527	-0.202606
1.03962	-0.108393
1.08899	0.0710193
1.15691	0.11577
1.2147	0.00831455
0.965144	0.106052
0.976301	0.173645
0.759527	0.258422
0.688089	0.264452
0.523668	0.326489
0.924706	0.045563
1.17386	-0.268146
1.00936	-0.253744
1.36557	-0.234235
1.57464	-0.104919
2.03337	-0.117854
2.01188	-0.049299
1.99392	-0.112213
2.11069	-0.0553307
2.20161	-0.0222016
2.32277	-0.228624
2.45196	-0.296075
2.21674	-0.143648
2.62195	-0.0450697
2.44865	0.322553
2.16291	0.467564
2.11234	0.330279
2.00806	0.405104
1.92605	0.380746
1.91515	0.359353
1.9126	0.269077
2.09834	0.260336
2.20699	0.190395
2.1623	-0.0665333
2.14359	-0.313906
2.05677	-0.462035
2.14163	-0.740595
1.90395	-0.770483
1.699	-0.783181
1.97893	-0.917455
2.03114	-0.381632
2.02556	-0.146973
2.11766	0.0229275
1.76578	0.00282078
1.65929	0.115232
1.8565	-0.107961
1.81042	-0.416718
1.72754	-0.677245
1.77682	-0.754874
1.79884	-0.901082
1.85709	-0.922928
1.58327	-0.528694
1.98602	-0.517078
1.84914	-0.44251
2.0913	-0.30642
2.18117	-0.508272
2.10876	-0.698153
1.8876	-0.501701
1.70293	-0.459592
1.59604	-0.426637
1.45782	-0.660383
1.29928	-0.414294
0.488298	-0.587456
0.696394	-0.632127
0.911563	-0.725171
0.843478	-0.797112
0.76894	-0.974437
0.789812	-0.776821
0.840324	-0.949296
0.508727	-0.807085
0.519534	-0.891835
0.511787	-1.07632
0.675537	-0.731834
0.762802	-0.897727
0.814343	-1.03513
0.574517	-1.01372
0.610712	-0.731251
0.65406	-0.98911
0.483236	-0.722164
0.871983	-0.92539
0.650578	-0.926616
0.559478	-0.743393
0.50065	-1.01579
0.493101	-1.0104
0.55459	-0.964215
0.584331	-0.931868
0.481253	-0.80578
0.545649	-0.938933
0.80157	-0.613725
-0.0954995	-1.12757
-0.0614644	-0.895994
0.18177	-0.418404
0.814901	-0.446534
1.85524	0.0403719
1.88998	0.199116
1.7651	0.234269
2.01548	0.199094
1.97784	0.175337
1.97721	0.0287612
1.8857	0.0729796
1.9777	-0.00426002
1.8694	0.0207794
1.69688	-0.028404
1.75874	-0.570649
1.63554	-0.603269
1.7063	-0.671415
1.75827	-0.681584
1.70537	-0.562517
1.74838	-0.548096
1.75793	-0.475175
1.75441	-0.408373
1.32453	-0.296019
1.4682	-0.387935
1.31432	-0.448851
1.02079	-0.457849
0.859187	-0.432451
1.24683	-0.727676
1.42467	-0.895832
1.3195	-0.886283
1.29715	-0.809075
1.44875	-0.801654
1.46528	-0.777231
1.56125	-0.795333
1.4245	-0.68413
1.44315	-0.623528
1.41899	-0.459731
1.56245	-0.317289
1.7372	-0.189043
1.94103	-0.22521
1.71813	-0.0170851
1.69812	-0.148176
1.35005	-0.474968
1.09393	-0.562787
1.11837	-0.491395
0.913094	-0.742224
0.914403	-0.766238
0.72027	-0.764831
0.697334	-0.826884
0.92759	-0.293327
1.69135	-0.431265
1.96035	-0.573022
1.76774	-0.988783
1.38004	-0.355692
1.78957	-0.695064
1.60314	-0.646418
1.67936	-0.538913
1.79635	-0.665429
1.79298	-0.603032
1.73973	-0.849809
1.62041	-0.841117
2.32058	-0.868858
2.19624	-0.483191
2.13997	-0.406331
2.08923	-0.224338
2.00777	-0.291182
1.83801	-0.111227
2.03643	-0.214092
1.5547	-0.279906
1.28812	-0.401339
1.30816	-0.467051
1.2253	-0.43704
0.854295	-0.495552
0.858421	-0.628274
0.429276	-0.817915
0.389534	-0.562122
0.302433	-0.371637
-0.0746908	-0.579653
0.0518625	-0.628908
0.336388	-0.397455
0.389802	-0.185477
0.412876	-0.153077
0.831549	-0.00566454
0.897821	-0.187757
1.04886	-0.38786
1.13866	-0.613185
0.894295	-0.518434
0.810692	-0.449462
0.897736	-0.407241
0.953904	-0.35962
1.16045	-0.353579
1.4588	-0.522451
1.83432	-0.552046
1.82708	-0.352082
1.89809	-0.289934
1.74966	-0.256523
1.87463	-0.27513
1.79003	-0.0641396
1.64702	-0.150701
0.941079	-0.14105
0.387886	-0.257934
-0.000540733	-0.531078
-0.197312	-0.525668
-0.328466	-0.580953
-0.482679	-0.306542
-0.475808	-0.440513
-0.42299	-0.488807
-0.276969	-0.372556
0.0436162	-0.53964
0.732677	-0.700077
1.21634	-0.50146
1.56952	-0.482356
1.49716	-0.401927
1.35941	-0.389267
1.49014	-0.377962
1.58691	-0.510564
1.70627	-0.377647
1.56361	-0.430283
0.876677	-0.0439549
0.570988	0.366209
0.899244	0.295162
1.58598	0.34935
1.69857	0.197107
1.38598	-0.269008
1.12107	-0.455164
1.0027	-0.543484
0.740626	-0.511524
0.988124	-0.693971
0.728844	-0.763952
0.714648	-0.803393
0.692167	-0.957037
0.763275	-0.977739
0.777515	-0.953236
1.00149	-0.886247
1.43533	-0.538897
1.61857	-0.127091
1.68438	-0.195676
1.88375	-0.357526
2.01107	-0.57881
1.93521	-0.521216
2.00094	-0.528633
1.93609	-0.416281
2.03879	-0.545894
2.05024	-0.663928
2.12424	-0.725582
1.89271	-0.47389
1.35952	-0.0340611
0.792847	0.158595
0.323827	0.275718
0.623865	0.0152525
1.10595	-0.390625
1.0329	-0.444464
0.676367	-0.354328
0.49597	-0.371126
0.773375	-0.0779401
0.569655	-0.0228304
0.505841	0.317138
0.621082	0.279861
0.870671	-0.0599003
0.779301	-0.0798256
0.921034	0.0627487
1.17686	-0.203273
0.797729	-0.309467
0.654221	-0.478707
0.683761	-0.49162
0.69953	-0.865625
0.654777	-0.830278
0.563326	-1.00182
0.44653	-0.728717
0.50406	-0.943379
0.569997	-0.713973
0.654927	-0.804928
0.518025	-0.945639
0.698357	-0.762611
0.724425	-0.783854
0.713484	-0.64786
0.718504	-0.404883
0.575474	-0.328404
0.350684	-0.623708
0.751459	-0.624622
0.918705	-0.685418
0.688056	-0.766045
0.380619	-0.822249
0.620247	-0.792529
0.672441	-0.840896
0.752398	-0.94534
0.521418	-0.809489
0.577284	-0.744127
0.413227	-0.865174
0.436952	-0.930711
0.615789	-0.887283
0.525498	-0.725569
0.733396	-0.560037
0.405789	-0.793269
0.603348	-0.816374
0.535956	-0.67122
0.477777	-0.796736
0.637226	-0.853721
0.511652	-0.769717
0.604188	-0.862544
0.950139	-0.563299
1.24799	-0.184974
1.51626	-0.195653
1.53486	-0.665631
1.09566	-1.07703
1.55167	-1.03244
1.67184	-1.09108
1.49629	-1.26001
1.20098	-1.15159
1.13989	-1.06755
1.42363	-1.02637
1.52438	-0.885558
1.44803	-0.413793
1.29506	-0.52136
1.15525	-0.476378
1.15209	-0.849544
1.05475	-0.832632
0.412763	-1.10775
0.505515	-1.00111
1.17414	-0.521644
1.05595	-0.537789
0.908976	-0.291905
0.965826	-0.258089
1.07331	-0.244834
1.20261	-0.191369
1.46078	-0.110945
1.479	0.181727
1.4358	0.0805615
1.3108	-0.172433
0.902694	-0.297467
0.381318	-0.596405
0.615125	-0.683326
0.885238	-0.754568
1.35458	-0.20881
1.53749	-0.469727
1.35806	-0.281863
1.38279	-0.285883
1.37435	-0.270205
1.31331	-0.13186
1.34422	-0.0593427
1.38282	-0.119989
1.0586	0.249943
0.552999	0.353475
0.268799	0.329984
0.112949	0.15186
0.440703	0.0499176
1.07217	-0.451373
-0.0444614	-0.258166
0.323202	-0.311484
0.784451	-0.191042
1.45344	0.0413572
1.52315	0.132978
1.56328	0.288909
1.53396	0.213998
1.01519	0.292861
1.44658	0.317597
1.57992	0.210778
1.76207	0.044524
1.90214	-0.147303
1.83863	-0.106465
1.75869	-0.0176996
1.8317	-0.0176897
2.00349	0.0154903
2.01452	-0.0116448
1.93722	0.148042
1.26991	0.264043
1.09882	0.104274
0.565331	-0.0640484
0.109898	-0.17649
-0.222207	-0.137223
-0.419191	-0.0600445
-0.655008	-0.229817
-0.841453	-0.19294
-0.352387	-0.414912
-0.265027	-0.484856
-0.243805	-0.679525
0.148957	-0.395215
0.839735	-0.341669
0.768422	-0.421883
0.818347	-0.163164
0.75454	-0.238957
0.684664	-0.312777
0.686003	-0.366742
0.579322	-0.35845
0.703224	-0.426205
0.856426	-0.533758
0.824967	-0.486726
0.890438	-0.558647
0.937841	-0.599846
1.01625	-0.6299
0.963149	-0.690283
0.853176	-0.658907
0.89168	-0.68475
0.948932	-0.668823
1.01658	-0.664769
1.09051	-0.64242
1.19249	-0.574531
1.36448	-0.491613
1.58599	-0.644826
2.00226	-0.859279
1.91022	-0.738643
1.71596	-0.562115
1.88209	-0.722713
1.82562	-0.66545
1.86475	-0.641643
1.8932	-0.77027
2.06833	-0.802162
1.93446	-0.679099
2.04018	-0.70838
2.09755	-0.794062
1.5405	-0.66388
1.53052	-0.570536
1.67633	-0.546181
1.63178	-0.360405
1.73934	-0.262577
1.79365	-0.0515448
1.63775	0.0903247
1.31864	0.341702
0.926094	0.258863
0.462933	0.302093
0.299917	0.254606
-0.106778	0.187017
0.24544	-0.0284922
0.49352	0.18179
1.10622	-0.238276
1.35452	-0.403864
1.32401	-0.555886
1.19927	-0.615762
1.31262	-0.660827
1.30708	-0.627065
1.34309	-0.386413
0.615849	0.239269
0.122469	0.130086
1.00488	-0.116826
1.39192	-0.340674
1.50768	-0.324204
1.50325	-0.113593
1.60529	-0.0332667
1.60684	0.13312
1.82816	0.0581743
1.76841	-0.00870013
1.75963	0.00543047
1.8051	0.0131808
1.84155	0.0308903
1.8281	0.028443
1.75706	-0.00114848
1.82901	-0.0475857
1.76532	-0.132615
1.7387	-0.19612
1.63271	-0.294447
1.50489	-0.357568
1.53542	-0.418054
1.65382	-0.446957
1.75215	-0.480688
1.75714	-0.433936
2.00979	-0.412348
2.02328	-0.204668
1.97908	-0.044581
1.86337	-0.104766
0.973385	0.13985
0.349949	-0.0800106
-0.0676549	0.0469842
-0.275439	0.193051
-0.56716	-0.214573
-0.508945	-0.408575
-0.340641	-0.442655
-0.300878	-0.602379
0.0430055	-0.545118
0.777858	-0.438152
1.51554	0.146663
2.06456	0.117423
1.90825	-0.101481
1.96249	-0.120481
1.77563	0.0503013
1.80456	-0.0154523
1.61764	0.068924
1.65283	0.020546
1.56173	0.0549152
1.44625	0.133966
1.4895	-0.0246715
1.29422	0.0233024
1.23087	-0.217679
1.21916	-0.307555
0.793958	-0.448505
0.824873	-0.672639
0.841619	-0.609798
0.451962	-0.649178
0.408986	-0.460811
0.603682	-0.166538
0.856528	-0.12106
0.936609	-0.0719064
1.3811	-0.226294
1.79222	-0.122285
1.86683	-0.27142
1.99883	-0.285511
2.06046	-0.328846
1.94435	-0.16265
1.99349	-0.126484
1.89185	0.0870712
1.71957	0.0497725
0.960549	-0.316452
-0.195751	-0.0867526
-0.204748	-0.0384353
-0.169407	-0.190269
-0.310815	-0.382737
-0.134588	-0.408128
-0.159867	-0.538961
-0.155325	-0.63385
0.13636	-0.586253
0.332607	-0.518275
0.467461	-0.475582
0.483013	-0.651312
0.643186	-0.506342
0.718701	-0.308586
1.54727	-0.285271
0.620063	-0.261055
-0.494363	-0.263877
-0.767093	0.0115822
0.0658576	0.322744
1.20854	-0.522633
1.26767	-0.482244
1.33134	-0.476373
1.29244	-0.133982
1.19022	-0.137686
0.499433	0.0427349
-0.0969274	0.196577
-0.115602	-0.0132866
-0.463259	-0.194442
-0.508239	-0.137843
-0.392402	-0.123702
-0.387555	-0.132288
0.0382837	-0.237007
0.592191	-0.299021
1.12119	-0.557209
1.03939	-0.6437
0.974246	-0.722934
1.5009	-0.488746
1.77387	-0.714959
1.8031	-0.637033
1.97984	-0.651435
1.91129	-0.847445
2.20876	-0.518138
2.09728	-0.643914
1.55174	-0.664075
1.23168	-0.256043
2.15231	-0.448233
2.30383	-0.801403
1.70898	-0.588935
1.81523	-0.229249
1.82746	-0.683474
1.84016	-0.635833
1.7719	-0.276796
1.72281	-0.270407
1.75536	-0.00543701
1.73478	-0.026684
1.5619	0.20383
1.5922	0.087413
1.39791	0.267064
1.55132	-0.115627
1.3162	-0.21646
0.918992	-0.1684
0.830656	-0.374372
0.0347494	-0.122181
-0.258078	0.0511014
-0.908619	-0.0582507
-0.818113	-0.21163
-0.813173	-0.156968
-0.686587	-0.174905
-0.650132	-0.229142
-0.727189	-0.219212
-0.55127	-0.235251
-0.762055	-0.29385
-0.615516	-0.318476
-0.310966	-0.523262
-0.0549203	-0.410379
0.639581	-0.85042
0.617451	-0.76449
0.641416	-0.740785
0.650419	-0.696918
0.595641	-0.889263
0.641176	-0.781661
0.491878	-0.764487
0.438544	-0.673197
0.490037	-0.847176
0.464929	-0.890025
0.30075	-0.940734
0.530099	-0.938455
0.518041	-0.70757
0.541229	-0.83577
0.740244	-0.780105
0.550545	-0.657275
0.679731	-0.989583
0.762285	-0.662333
0.593651	-0.77353
0.635331	-0.89986
0.50393	-0.70438
0.530995	-0.745762
0.621824	-0.619256
0.833058	-0.223104
1.24796	0.071335
1.16602	-0.16954
0.265184	0.332998
-0.0246358	0.386354
-0.090193	0.293004
-0.0108007	0.232776
0.0427043	0.155994
-0.0379469	0.057466
0.245541	-0.00348206
0.244779	-0.210459
0.540377	-0.411767
1.06539	-0.745319
1.35184	-0.822698
1.6274	-0.864623
1.7582	-0.523093
2.02562	-0.339827
1.98397	-0.247203
1.76765	-0.517861
1.81229	-0.427611
1.75214	-0.322637
1.80224	-0.412728
1.56676	-0.0994635
1.43617	0.249632
2.35553	-0.233456
1.93393	0.0903017
1.82948	0.197913
1.74691	0.286808
1.7087	0.348925
1.70048	0.390796
1.76424	0.418075
1.7881	0.390559
1.72394	0.245092
1.70049	0.00059952
1.72692	-0.0694768
1.40979	-0.222771
1.19695	-0.160973
-0.295085	-0.50095
0.0801823	-0.809182
0.600901	-0.63678
0.618894	-0.430068
1.59796	0.126872
1.25672	0.29306
1.00452	0.418484
1.00138	0.412009
1.04104	0.399351
1.10538	0.476306
1.43323	0.141579
1.63945	0.122826
1.31989	-0.306067
1.25082	-0.435449
0.302718	-0.269752
0.238195	-0.373404
0.426021	-0.745897
1.04598	-0.62514
1.15651	-0.215374
1.622	-0.216356
1.86067	-0.297826
1.46365	-0.338789
1.43678	-0.326339
1.41895	-0.316962
1.43719	-0.332025
1.54226	-0.661604
1.43437	-0.652343
1.67763	-0.760951
1.90964	-0.792716
1.9339	-0.634512
2.19084	-0.670299
1.98706	-0.514191
2.06116	-0.53709
2.01074	-0.62584
1.92126	-0.628018
1.82498	-0.638108
1.88427	-0.751911
1.97875	-0.82844
1.74269	-0.598571
1.84028	-0.720108
1.71897	-0.683782
1.66063	-0.632651
1.58919	-0.554521
1.53283	-0.395557
1.63195	-0.347373
1.70408	0.0533315
1.63922	0.278812
1.60241	0.273641
1.48233	0.318354
1.43767	0.313329
1.4447	0.330216
1.44674	0.367446
1.50454	0.30447
1.52152	0.33372
1.61016	0.298507
1.69804	0.226807
1.87417	0.0738535
1.70935	0.14671
1.64735	0.0394361
1.67172	-0.106532
1.36811	-0.0795973
1.24051	0.0362471
1.38096	-0.0682758
1.65866	-0.222848
1.76844	-0.534924
1.85556	-0.641518
2.01019	-0.844198
1.68965	-0.766777
1.50444	-0.649883
1.46153	-0.537596
1.4282	-0.484997
1.24435	-0.285555
1.23106	-0.190305
1.49486	-0.209299
1.62265	-0.204271
1.58654	-0.156932
2.08895	-0.249889
1.99454	0.000222342
1.76437	-0.108201
1.84055	-0.00415623
1.73803	-0.0239222
1.55216	-0.129452
1.72368	-0.0842928
1.54534	-0.266752
1.67895	-0.0198876
1.44875	-0.301067
1.51172	-0.112775
1.32843	-0.298806
1.72629	-0.253203
1.5553	-0.393847
1.67071	-0.535444
1.64483	-0.62477
1.7171	-0.660894
1.68376	-0.665856
1.88177	-0.655103
2.21547	-0.771203
2.49755	-0.843462
2.39534	-0.714002
2.23136	-0.727349
1.86116	-0.577932
1.98421	-0.348923
2.13819	-0.442888
1.92262	-0.304658
1.81898	0.0163237
1.75279	0.212678
1.59829	-0.0220122
1.4041	-0.157973
0.676623	-0.0487567
-0.279615	-0.149713
-0.40414	-0.368027
-0.530086	-0.532294
-0.457298	-0.399928
-0.45274	-0.330667
-0.465761	-0.456893
-0.436749	-0.505526
-0.465178	-0.422546
-0.275964	-0.610644
0.129797	-0.57152
0.633608	-0.296145
1.07471	0.189573
1.13114	-0.540427
0.844889	-0.443097
0.987392	-0.363264
1.09544	-0.381629
1.29334	-0.587203
1.40406	-0.200414
1.71015	-0.581318
1.72011	-0.111816
1.42785	-0.0570743
0.784484	-0.17801
0.384743	-0.334042
-0.0674506	-0.292355
-0.319874	-0.25737
-0.538139	-0.286719
-0.335867	-0.523757
-0.26774	-0.754684
0.329028	-0.673431
0.888974	-0.68428
0.700863	-0.572556
0.698257	-0.521654
0.736166	-0.641201
0.543749	-0.526663
0.635892	-0.397219
0.163807	-0.732997
0.875323	-0.794857
1.59255	-0.499404
1.93864	0.373073
2.07215	0.0216984
1.90813	-0.213655
2.0099	-0.462367
2.16848	-0.567556
2.21447	-0.486625
2.01594	-0.335076
1.97786	-0.150805
1.823	-0.175658
1.79464	-0.431775
1.82266	-0.448995
1.74481	-0.340361
1.20893	-0.373918
0.518017	-0.280405
0.18211	-0.342558
0.0252512	-0.401411
-0.178772	-0.560211
-0.299669	-0.546449
-0.354262	-0.309129
-0.147936	-0.138944
0.0201013	-0.539203
0.121653	-0.321045
0.486745	-0.285055
1.01039	-0.137022
0.977121	-0.329209
0.892343	-0.228098
1.13231	-0.10155
1.21992	-0.128148
1.17483	-0.324431
1.27519	-0.370627
0.89502	-0.4664
0.794531	-0.658373
0.728233	-0.654572
0.658675	-0.59293
0.683217	-0.667424
0.687257	-0.812699
0.688752	-0.671358
1.40342	-0.279317
1.4515	-0.204272
0.9042	-0.536024
1.47973	-0.0828738
1.17706	-0.326648
1.37867	-0.171368
1.78826	0.0859238
2.26027	0.359782
2.33544	0.174188
2.21302	0.271771
2.0157	0.345862
1.98224	0.237695
2.04766	0.0237017
1.883	0.155566
1.90513	0.13756
1.67685	0.140475
1.63858	0.0585866
1.20301	-0.291181
1.02284	-0.566799
0.847338	-0.743665
0.618766	-0.360807
0.474768	-0.746845
0.244938	-1.01834
0.488677	-0.888906
0.628034	-0.763307
0.768239	-0.610069
1.03152	-0.595343
1.33249	-0.10484
1.90355	-0.178378
2.00181	0.0870598
1.89641	-0.310472
1.93255	-0.649647
1.7043	-0.493393
1.77474	-0.327974
2.16086	0.0168569
2.08235	0.368691
2.0268	0.383226
2.08021	0.353684
1.90393	0.373631
2.06887	0.300203
1.89377	0.368323
1.90136	0.254395
1.92128	0.381659
1.67042	0.22125
1.73828	0.0799242
1.3819	-0.308184
1.2093	-0.219742
1.19298	-0.241121
1.25821	-0.032185
1.27714	-0.108433
1.29262	-0.238616
1.08356	-0.293272
1.16394	-0.440292
0.780921	-0.516296
0.878749	-0.693382
0.808056	-0.661971
0.684175	-0.736134
0.54007	-0.769454
0.676559	-0.834471
0.571663	-0.852228
0.576404	-0.896306
0.646262	-1.0194
0.678858	-0.878639
0.506714	-0.944408
0.520818	-0.795303
0.572447	-0.745612
0.427498	-0.823175
0.570466	-0.810182
0.769516	-0.990647
0.620547	-0.812717
1.4923	-0.48807
1.40626	-0.676568
1.34246	-0.576793
1.76665	-0.353038
1.51178	-0.345821
1.37842	-0.446688
1.33578	-0.374086
1.51713	-0.418366
2.0875	-0.981737
1.98383	-0.556002
1.7572	-0.442765
1.89898	-0.376502
1.89337	-0.2141
1.92728	-0.183492
2.0163	-0.16073
2.02332	-0.214107
2.05198	-0.299604
1.89845	-0.379858
1.72286	-0.470242
1.3983	-0.467546
1.3094	-0.531655
1.37992	-0.618087
1.46344	-0.686463
1.6113	-0.798279
1.77155	-0.765113
2.00883	-0.631702
2.2192	-0.78283
1.80788	-0.201887
1.78496	-0.129606
1.85996	-0.0330867
1.83788	0.0155549
1.95382	-0.0899671
0.293975	-0.0362142
0.192031	-0.243024
-0.269895	0.265367
-0.513964	0.321173
-0.381094	0.149742
-0.309295	-0.198393
-0.065181	-0.323765
0.599366	0.134834
1.09117	0.28402
1.28834	0.169081
1.11287	0.42227
1.07331	0.438836
0.875369	0.464615
0.982292	0.398952
0.87719	0.527634
0.714799	0.636219
0.531942	0.655402
0.397333	0.862082
0.701261	0.729984
0.625207	0.677188
0.724216	0.57671
1.05782	0.430895
1.17593	0.210175
0.905739	0.250389
0.844595	0.116561
1.21523	-0.237984
1.34691	-0.245194
1.74954	-0.468339
1.64867	-0.374158
1.64079	-0.587896
1.61158	-0.87187
1.43992	-0.910942
1.26581	-0.790807
1.26033	-0.877931
1.11087	-0.804575
0.953346	-0.696601
0.97445	-0.65729
1.04718	-0.624502
0.791439	-0.517009
0.555466	-0.462788
0.387035	-0.394741
0.394717	-0.4166
0.410456	-0.490395
0.524353	-0.577838
0.69015	-0.677663
1.12273	-0.766673
1.1584	-0.671831
1.58664	-0.470644
1.74719	-0.279394
1.82419	-0.269885
2.00169	-0.0070386
2.14319	0.101106
2.0325	0.0471653
1.96301	0.404123
2.07565	0.389883
2.32371	0.164594
2.07792	0.53893
1.94734	0.670348
1.87683	0.643738
1.8305	0.585738
1.98501	0.183733
1.72622	-0.0270104
1.68415	-0.133486
1.6554	-0.27433
0.974539	-0.209116
0.517205	-0.224889
-0.0451447	-0.365524
-0.486662	-0.411653
-0.730132	-0.321437
-0.457198	-0.29034
-0.644889	-0.186898
-0.259627	-0.296968
-0.166069	-0.402754
0.340879	-0.500375
1.10422	-0.534975
1.74165	-0.404495
1.71777	-0.314304
1.86305	-0.532324
1.86726	-0.69087
1.91677	-0.640193
2.0027	-0.610688
2.0807	-0.601477
2.10875	-0.626493
2.20941	-0.548262
2.10345	-0.255074
2.09167	0.0481939
2.06406	0.108515
1.88627	-0.0682933
1.39728	-0.112025
1.52256	-0.406258
1.19139	-0.293992
1.06219	-0.440758
0.918034	-0.672474
0.985768	-0.189763
1.30011	0.206761
1.21168	-0.217925
1.18061	-0.584502
1.48516	-0.373306
1.33847	-0.416078
1.80656	0.144826
1.92432	0.181081
1.6787	0.100183
1.93537	-0.319014
1.93509	-0.544837
1.8261	-0.636443
1.64152	-0.587225
2.02539	-0.987835
1.80543	-0.892461
1.47755	-0.661565
1.22888	-0.4304
1.40121	-0.398385
1.81412	-0.749625
1.66411	-0.767875
1.63083	-0.807956
1.4125	-0.724321
1.33946	-0.858188
1.45996	-0.452653
1.5683	-0.395874
1.55512	-0.613815
1.36149	-0.441254
1.29855	-0.581618
1.56356	-0.558672
1.45485	-0.631298
1.20595	-0.582711
1.28639	-0.56824
1.01148	-0.556082
1.07929	-0.645892
1.06287	-0.490936
1.13656	-0.836096
0.923865	-0.73288
0.812458	-0.692322
0.952081	-0.707962
0.734096	-0.628716
0.668008	-0.965863
0.620267	-0.605541
0.575612	-0.747785
0.805887	-0.735128
0.580391	-0.728222
0.539657	-0.925392
0.415022	-0.625741
0.388475	-0.697278
0.609329	-0.702561
0.402605	-0.69466
0.428856	-0.968102
0.517977	-1.05504
0.674091	-0.761789
0.671529	-0.626015
0.731016	-0.815453
0.710046	-0.75513
1.0663	-0.471794
1.64562	0.0646249
1.61009	-0.333332
1.56173	0.0473216
1.46148	-0.157642
1.63264	-0.329153
1.44695	-0.277294
2.06179	-0.555974
2.06587	-0.440426
1.87652	-0.260087
1.87296	-0.159486
1.81131	-0.224782
1.86961	-0.0974015
1.78315	-0.155785
1.66234	-0.141031
1.38089	-0.0201024
1.3514	-0.129754
1.24691	-0.212266
1.17155	-0.234577
1.09473	-0.45079
1.02081	-0.274672
1.04384	-0.27522
1.16981	-0.251386
1.39384	-0.337472
1.44364	-0.0448561
1.1916	-0.038314
1.07417	-0.155048
0.56596	-0.396276
0.382641	-0.769803
0.33434	-0.947021
0.416988	-0.832711
0.746864	-0.953574
1.19821	-0.650002
1.62888	-0.281393
1.79449	0.00206162
1.99574	0.0783211
1.91544	0.271895
1.80005	0.308629
1.60624	0.265834
1.44027	-0.0202902
1.0769	-0.0362249
0.744756	-0.286209
0.110516	-0.543473
-0.260241	-0.327739
-0.308412	-0.510004
-0.735946	-0.540083
-0.837879	-0.509127
-1.06068	-0.309061
-0.954797	-0.117727
-0.944338	-0.26253
-0.649425	-0.264719
-0.831903	-0.426057
-0.839046	-0.524782
-0.546542	-0.569615
0.264223	-0.594966
1.32073	-0.464562
1.16016	-0.458269
1.15009	-0.318921
1.21094	-0.253383
1.19996	-0.194356
1.27408	-0.170091
1.38337	-0.200413
1.46956	-0.204233
1.51144	-0.216869
1.65274	-0.185193
1.72226	-0.193033
1.77032	-0.115824
1.87792	-0.0387823
2.00455	-0.0847887
1.91966	-0.0545083
2.05492	-0.169116
2.01949	-0.0250419
1.98954	0.0991901
2.03705	0.087229
1.98994	0.205133
1.92037	0.215777
1.89724	0.147434
1.95526	0.0195014
1.94903	0.0340531
1.97902	0.0279542
1.98884	0.156501
1.73483	0.233661
1.36534	-0.0987697
1.62854	-0.1639
1.95337	0.149726
1.84371	0.251589
1.25716	0.256292
0.901026	0.0407864
0.180338	0.301619
-0.217972	0.0841863
-0.570504	0.0839618
-0.79474	0.0605391
-0.767548	-0.0881314
-0.743715	-0.40757
-0.623042	-0.440884
-0.308444	-0.543259
-0.392686	-0.578628
-0.232812	-0.530691
0.353409	-0.614024
0.65396	-0.556313
1.35374	0.0519456
1.61812	0.0368222
1.89516	0.0449516
2.09202	0.110642
2.11274	-0.0525982
2.17521	-0.223757
1.82144	-0.491031
1.86587	-0.569185
1.83718	-0.530697
1.87601	-0.562369
1.76555	-0.446509
1.76292	-0.50735
1.75234	-0.458972
1.72829	-0.428678
1.86505	-0.53349
1.96675	-0.519881
1.80515	-0.500373
1.52832	-0.272079
1.73076	-0.37252
1.72083	-0.394686
1.14808	-0.327015
1.01188	-0.549299
1.02731	-0.664647
0.975301	-0.745485
0.788358	-0.753934
1.12215	-0.873794
1.33629	-0.791419
1.42832	-0.814755
1.57658	-0.971578
1.52679	-0.90987
1.58109	-0.234147
1.3516	0.00232121
1.3299	-0.308411
1.29807	-0.290445
1.24203	-0.31883
-0.0430087	-0.309484
0.0315422	-0.273205
-0.64547	0.227111
-0.608994	-0.173055
-0.504951	-0.556852
-0.315046	-0.638627
0.0472737	-0.346165
0.365871	-0.427284
1.44417	-0.153642
1.79113	-0.354388
1.758	-0.0474074
1.57848	-0.000925752
1.73521	-0.282484
1.85748	-0.514591
1.64765	-0.507571
1.55393	-0.425987
1.6983	-0.232843
1.65227	0.1593
1.43129	0.00260458
1.29589	-0.210328
0.545022	-0.760216
0.414839	-0.947674
0.929985	-0.738291
1.18341	-0.305636
1.37036	-0.344121
1.4797	-0.46899
2.05023	-0.731782
2.04396	-0.688032
1.99341	-0.457941
2.06534	-0.352207
1.95152	-0.337347
1.9338	-0.435991
2.07782	-0.5384
1.99949	-0.497389
2.11943	-0.534107
1.99126	-0.519426
1.79572	-0.277809
1.42437	0.0727555
0.989055	0.287064
0.724868	0.33817
0.525865	0.344801
0.50739	0.277877
0.758332	0.140828
1.05226	-0.0880818
1.36807	-0.160788
1.62568	-0.22784
1.7646	-0.274225
1.84816	-0.356657
1.78828	-0.349901
1.81176	-0.449583
1.82474	-0.830001
1.68372	-0.745246
1.58227	-0.653382
1.68765	-0.782052
1.78392	-0.868505
1.6673	-0.787589
1.88404	-0.738048
2.0345	-0.66399
1.95664	-0.527111
1.88411	-0.641741
1.8039	-0.625362
1.89698	-0.648989
1.96229	-0.557077
2.09169	-0.522043
2.27981	-0.656133
2.08715	-0.633764
2.17646	-0.560867
2.21479	-0.398525
2.11963	-0.047329
2.08289	0.134637
1.87204	0.0459919
1.61368	-0.0111278
1.55037	-0.153103
1.26829	-0.26617
1.07861	-0.288203
1.03331	-0.422363
0.690169	-0.644721
0.673406	-0.956892
0.437969	-0.818072
0.270211	-0.721587
0.335459	-1.16504
0.61278	-0.655029
1.15353	-0.485033
0.974088	-0.135304
0.898144	-0.029007
0.916484	0.023467
0.98405	0.0628957
1.08238	0.0975772
1.2644	0.0531078
1.03662	0.0164427
0.911153	-0.0884727
0.611022	-0.274773
0.563978	-0.414623
-0.131365	-0.182427
-0.169986	-0.411209
-0.0596555	-0.67767
-0.227423	-0.733098
-0.00664367	-0.873218
0.383119	-0.654573
0.722195	-0.565387
1.44254	-0.0761529
1.94923	-0.0113727
1.92703	0.120728
2.01783	0.0366488
1.96057	-0.123791
2.15362	-0.417816
2.10275	-0.384326
2.12201	-0.225836
1.83649	0.179312
1.77563	0.200054
1.5902	0.1072
0.551153	0.144714
-0.030341	-0.0649887
-0.670239	-0.0576008
-0.9282	-0.136549
-1.05201	-0.0806469
-1.08963	-0.0680411
-1.18384	-0.30395
-1.13132	-0.0961252
-0.806235	-0.119455
-0.395838	-0.194268
0.218374	-0.472367
0.728951	-0.566359
1.30106	-0.0459054
1.65381	-0.0829743
1.83123	0.0481951
2.20888	-0.298566
2.17546	-0.418671
2.09278	-0.415695
1.78752	-0.0399918
1.63189	0.332606
1.55614	0.436946
1.57223	0.545007
1.54649	0.431871
1.54981	-0.0456769
1.26834	-0.417146
1.20674	-0.488052
1.05158	-0.431894
1.0585	-0.6542
1.08067	-0.60181
1.29308	-0.197687
1.91114	-0.0138035
2.09221	0.495373
2.15095	0.328562
2.2369	0.0590888
2.16703	0.0642692
2.13473	-0.219819
2.1129	-0.149189
2.02309	-0.0721044
1.97065	-0.162232
2.09392	-0.153151
2.01497	-0.0892914
2.00809	-0.114951
1.90796	-0.0693063
1.99327	-0.0198555
1.70637	0.276263
1.55055	0.368906
1.27636	0.151575
1.27659	0.00799278
1.35196	-0.221404
1.15357	-0.244771
0.783713	-0.319293
1.05664	-0.674833
1.46916	-0.861586
1.51086	-0.850056
1.4167	-0.814563
1.34772	-0.790664
1.33019	-0.793048
1.31791	-0.774668
1.37486	-0.720816
1.65107	-0.171147
1.60083	-0.263226
1.64513	-0.332985
1.37367	-0.150149
1.42775	-0.204433
1.66537	-0.359416
1.76848	-0.41508
1.69824	-0.379839
1.44338	-0.363464
1.52875	-0.250738
1.52347	-0.289599
0.836524	-0.327069
0.210655	-0.473806
-0.129514	-0.391643
-0.410283	-0.409163
-0.511004	-0.347273
-0.597386	-0.248754
-0.580659	-0.430382
-0.594073	-0.0586001
-0.437833	-0.269775
-0.641825	-0.448853
-0.6739	-0.378615
-0.67866	-0.450116
0.933514	-0.66888
0.564179	-0.751251
0.650559	-0.759272
0.519655	-0.745326
0.676493	-0.858979
0.599168	-0.843673
0.702171	-0.654182
0.767533	-0.66757
0.795902	-0.616821
0.949357	-0.748215
1.13349	-0.301619
1.47877	-0.209667
1.99306	0.14954
2.21946	0.309751
2.19886	0.328503
2.10359	0.373858
2.23367	0.306548
1.93228	0.104649
1.97068	-0.261839
2.04885	-0.38961
1.97913	-0.39895
2.03534	-0.525035
2.00693	-0.449377
2.17043	-0.417655
2.64254	-0.401456
2.60692	-0.614149
2.15233	-0.487728
2.20266	-0.669857
2.48189	-0.842625
2.35205	-0.630107
2.23537	-0.412717
2.42927	-0.253332
2.53132	-0.217197
2.4973	-0.238947
2.21592	-0.124394
2.22913	-0.101013
2.16191	0.0502248
2.10422	-0.0494358
1.5549	-0.0582392
0.633991	-0.36372
0.228892	-0.564944
0.582169	-0.58425
0.480652	-0.609575
0.260587	-0.331016
0.443742	-0.329054
1.67891	-0.265834
2.05161	-0.222486
2.07662	-0.192009
1.90309	0.135518
1.79675	0.21498
2.00528	-0.0350155
2.05319	-0.262617
2.0578	-0.380308
1.94723	-0.463266
1.64217	-0.36005
1.46114	-0.403956
1.18748	-0.402633
0.981275	-0.443403
0.816744	-0.521866
0.929391	-0.548937
1.40296	-0.473614
2.07383	-0.113379
1.9542	-0.24097
1.97098	-0.365363
2.08811	-0.301478
1.74197	-0.00458617
1.77071	0.079898
1.75878	0.197364
1.52626	-0.0197451
0.435187	-0.30705
0.0747741	-0.029076
-0.143263	-0.231525
-0.445764	-0.33261
-0.663661	-0.430807
-0.856044	-0.231269
-1.02932	-0.302347
-0.610667	-0.487564
-0.236067	-0.580543
-0.261308	-0.598937
-0.0828197	-0.668105
0.398125	-0.699729
0.487609	-0.648698
0.432161	-0.990008
0.451216	-0.875874
1.07177	-0.457869
0.863288	-0.292313
0.897067	-0.546829
0.914397	-0.563303
1.1892	-0.66933
1.03873	-0.625773
-0.0917187	-0.199972
0.85875	-0.501739
1.26082	-0.705176
1.13088	-0.773433
1.20669	-0.840366
1.09708	-0.714983
1.20287	-0.719032
1.28004	-0.720985
1.29404	-0.666777
1.47427	-0.66007
1.88508	-0.680203
1.92389	-0.404003
1.66133	-0.0171016
1.62669	0.0436957
1.64125	-0.0582472
1.70274	-0.236816
1.52585	-0.197433
1.27467	-0.404441
1.25532	-0.554864
1.26039	-0.472861
1.02648	-0.606811
0.822517	-0.562881
0.831823	-0.496474
1.65489	-0.3876
1.88455	-0.317188
1.79603	-0.404087
1.88117	-0.670728
2.0707	-0.605566
1.93838	-0.381748
2.02657	-0.135675
1.96674	0.0221375
1.87689	0.0673734
1.39279	-0.206254
1.38481	-0.410812
1.30453	-0.422011
0.992576	-0.714323
0.914867	-0.714389
0.607559	-0.908287
0.991942	-0.745827
1.24728	-0.613149
2.26331	-0.671892
1.97244	-0.657892
1.8029	-0.571065
1.88907	-0.399796
2.02264	-0.521409
2.15049	-0.826508
2.01703	-0.918683
1.9583	-0.854393
2.05949	-0.915482
1.96781	-0.684885
2.02828	-0.486276
1.685	-0.321355
1.65424	-0.501883
1.50986	-0.61776
1.47601	-0.731852
1.47468	-0.791753
1.56334	-0.853045
1.81618	-0.911996
1.75977	-0.739727
1.80381	-0.433827
1.79334	-0.139152
1.73087	-0.311799
1.60607	-0.363983
1.27602	-0.690016
0.717897	-0.880272
0.46682	-0.909833
0.464674	-0.485705
0.753349	-0.330931
0.574888	-0.0667097
0.213125	-0.257937
0.102869	-0.192137
0.205857	-0.224051
0.659505	-0.2923
1.11825	-0.0457662
1.50683	-0.0531952
1.46707	0.0188813
1.57819	0.102166
1.63226	-0.146443
1.43806	-0.0803753
1.44255	-0.0356868
1.33448	-0.0590222
1.43623	-0.0734614
1.36072	-0.199406
0.877066	-0.515909
0.784718	-0.776527
1.38218	-0.534616
1.6501	-0.611145
2.10591	-0.80365
1.99074	-0.572066
1.97763	-0.452662
2.06792	-0.3598
2.19022	-0.0862707
2.0383	0.0669505
1.94438	-0.0659039
1.5986	-0.28984
1.36449	-0.792789
1.29985	-0.643047
1.08692	-0.445308
1.09471	-0.535955
0.535238	-0.558598
0.310852	-0.715002
0.439375	-0.691793
0.931523	-0.924235
1.11358	-0.645765
1.38171	-0.27531
1.62517	0.0830149
2.16976	0.26714
2.17818	0.369567
1.81389	0.111277
1.95905	-0.366446
1.80237	-0.400258
1.97702	-0.497743
1.97859	-0.523109
1.96595	-0.588375
1.71817	-0.504643
1.84367	-0.655577
1.88919	-0.553534
1.87876	-0.556598
1.94383	-0.584339
1.971	-0.634728
1.918	-0.644335
1.66654	-0.464056
1.69178	-0.36671
1.56783	-0.371366
1.69572	-0.468171
1.9893	-0.690603
2.15529	-0.721532
2.10063	-0.744231
1.69913	-0.462649
1.61125	-0.527032
1.46036	-0.458856
1.37422	-0.496105
1.37511	-0.659329
1.59793	-0.877219
1.6081	-0.848744
1.53714	-0.678359
1.44045	-0.433922
1.63939	-0.448699
1.82049	-0.436517
1.81131	-0.026371
1.63306	0.283947
1.56867	0.231285
1.04026	0.445545
0.291136	0.175117
-0.522651	0.19512
-0.686993	0.334231
-0.936472	0.0944748
-0.733324	-0.165157
-0.562599	-0.0679868
-0.667318	0.0591028
-0.335693	-0.108342
0.656906	-0.432149
1.85234	0.13294
1.79456	0.188526
1.75283	0.102093
1.86493	-0.0650422
2.03228	-0.322678
1.92794	-0.18658
1.96213	-0.105479
1.47122	-0.0391617
1.16107	-0.397719
0.36271	-0.807082
0.494906	-0.642822
1.02847	-0.00790696
1.24698	0.195026
1.74123	-0.296846
1.98712	-0.469454
1.80862	-0.561687
1.70211	-0.587906
1.64913	-0.610329
1.78019	-0.76732
1.99606	-0.963611
1.98317	-0.957074
1.94668	-0.957132
1.93314	-0.923519
1.96432	-0.913067
2.04707	-1.02782
2.06158	-1.067
2.06083	-0.593752
1.94499	-0.689247
1.95375	-0.296004
1.86672	-0.71452
1.7324	-0.268778
1.78007	-0.651641
1.92643	-0.2416
1.887	-0.495056
1.72231	-0.191288
1.64388	-0.123312
1.70662	-0.202242
1.61513	-0.133445
1.35494	-0.203937
1.25682	-0.348198
1.0252	-0.517397
0.83673	-0.565433
0.393607	-0.683259
0.040311	-1.22675
0.678753	-0.917619
0.843929	-0.765561
0.716686	-0.690225
0.600452	-0.747726
0.745675	-0.70653
0.702742	-0.709495
0.380947	-0.795867
0.57061	-0.710021
0.577718	-0.780811
0.612506	-0.766721
0.5099	-0.703206
0.770895	-0.763717
0.526241	-0.708399
0.463298	-0.595383
0.448175	-0.6308
0.484447	-0.827455
0.503223	-0.866816
0.510863	-0.701545
0.483774	-0.69292
0.858307	-0.379899
1.83559	0.342314
1.9844	0.0614807
2.0309	-0.0893502
1.94947	-0.156298
1.80036	-0.154637
1.72555	-0.385361
1.50456	-0.356128
1.57166	-0.336604
1.61115	-0.343714
1.63621	-0.298387
1.61499	-0.3894
1.58237	-0.33476
1.56761	-0.261689
1.62162	-0.277138
1.61618	-0.258394
1.64169	-0.302106
1.65541	-0.268185
2.16077	-0.00653134
2.14821	0.224443
1.96671	0.361345
1.86483	0.456317
1.30146	0.575321
0.29967	0.325245
-0.186095	-0.0596825
-0.550197	-0.311311
-0.781046	-0.162714
-0.712224	-0.41539
-0.531114	-0.285179
-0.389047	-0.535885
-0.303295	-0.561206
-0.0674889	-0.520661
0.491195	-0.634651
1.2614	-0.788527
2.01867	-0.729623
1.70989	-0.584747
1.58362	-0.870395
1.25453	-0.981325
0.845824	-0.92207
0.615663	-0.851161
0.311302	-0.656173
0.0760008	-0.426859
-0.0923154	-0.19225
0.0666496	-0.0446317
1.41952	-0.0183123
1.60202	-0.0464947
1.37272	-0.0600268
1.63335	-0.108645
1.42588	0.0185496
1.30387	-0.0060205
1.27584	-0.123257
1.17155	-0.0125443
1.45744	-0.131848
0.819489	-0.500318
0.92084	-0.730447
1.53742	-0.595896
1.77049	-0.764084
1.93659	-0.782717
2.02628	-0.749331
2.04669	-0.733073
1.86214	-0.731177
1.64724	-0.679637
1.51431	-0.661925
1.49139	-0.701757
1.45882	-0.673704
1.63412	-0.683142
1.71626	-0.725712
1.68821	-0.55892
1.67317	-0.322417
1.90109	-0.306369
1.58993	-0.35365
1.42206	-0.341817
1.5427	-0.239811
1.59281	-0.025618
1.34816	-0.31192
1.41441	-0.241113
1.46935	-0.375591
1.50798	-0.144689
1.76226	-0.0437901
1.75924	-0.418598
2.03975	-0.271864
2.05775	-0.401997
1.95607	-0.435177
2.03306	-0.317161
1.98753	-0.451344
1.85158	-0.255744
1.78414	-0.0304345
1.74431	-0.022653
1.85822	-0.106407
1.68915	-0.270208
1.82147	-0.582032
1.67263	-0.53397
1.78601	-0.68054
1.843	-0.902385
1.91117	-0.962705
1.50381	-0.615556
1.4315	-0.311006
2.11986	-0.634597
2.0044	-0.46648
2.05468	-0.523303
2.01336	-0.546085
1.88963	-0.546772
2.15406	-0.275175
1.75143	-0.0168998
0.630177	-0.0169237
0.0488056	0.048759
-0.38853	-0.110064
-0.610442	-0.0818581
-0.790862	-0.197515
-1.02882	-0.353679
-0.959089	-0.517091
-0.773769	-0.361212
-0.563849	-0.576828
-0.0316726	-0.655369
0.647318	-0.467783
1.21904	-0.406847
1.64374	-0.362254
1.79901	-0.570755
1.77035	-0.532163
1.88644	-0.59699
1.77263	-0.434774
1.71865	-0.466222
1.65812	-0.489203
1.60056	-0.493131
1.75505	-0.58223
1.83817	-0.73932
1.93285	-0.723957
1.90787	-0.603464
1.94192	-0.464687
1.9456	-0.207733
1.95765	-0.23603
1.99134	-0.411144
1.2839	-0.914449
0.568393	-1.10198
1.24649	-1.04144
1.90361	-0.489309
1.60842	-0.0701582
1.73137	-0.253755
2.07123	-0.124095
2.07428	-0.075082
2.21269	-0.295666
1.9484	-0.418016
1.86355	-0.241161
1.68643	-0.299694
1.49492	-0.232375
1.33781	-0.0963639
0.989596	-0.364159
0.576291	-0.221574
0.140727	-0.179983
-0.168652	-0.238842
-0.252953	-0.328317
-0.0975342	-0.28026
-0.10596	-0.335895
-0.0643034	0.0148799
0.109035	-0.141839
0.39561	-0.118555
0.514942	-0.124817
0.75267	-0.0908724
0.719483	-0.191107
0.777101	-0.332808
0.891804	-0.323171
0.950844	-0.265794
1.25956	-0.507789
1.25487	-0.697379
1.06176	-0.815549
1.13822	-0.626024
1.04157	-0.773461
1.40567	-0.578767
1.05892	-0.632421
1.34855	-0.517316
1.38208	-0.477658
1.30799	-0.536846
1.13032	-0.561692
1.06786	-0.818518
0.825804	-0.709046
0.575397	-0.67886
0.777449	-0.62793
0.936969	-0.664258
0.782573	-0.643885
0.738207	-0.720778
0.593807	-0.899116
0.513658	-0.550157
0.590182	-0.743306
0.606394	-0.732634
0.590715	-0.78307
0.752937	-0.728332
0.508469	-0.612537
0.648257	-0.875275
0.526295	-0.81285
0.486439	-0.87917
0.515363	-0.844611
0.40872	-0.995425
0.538712	-0.782842
0.699955	-0.740009
0.525461	-0.875538
0.625479	-0.844981
0.699366	-0.727827
1.30199	-0.353482
1.1624	-0.513638
0.888972	-0.564285
1.12888	-0.327753
1.40821	-0.294013
1.31676	-0.366326
0.985647	-0.441706
1.29559	-0.302311
1.33933	-0.128632
0.903447	0.335483
0.269327	0.0149969
-0.172368	-0.103325
-0.544219	-0.182714
-0.438361	-0.216697
-0.591311	-0.4035
-0.473355	-0.478288
-0.305506	-0.500385
0.124368	-0.365486
1.2337	-0.0398575
1.28447	-0.165552
1.37687	-0.209499
1.46447	-0.305577
1.40169	-0.26294
1.5666	-0.54634
1.67502	-0.652155
1.60054	-0.556771
1.7486	-0.343648
2.02337	-0.072499
2.02873	-0.023238
2.08544	-0.12488
2.05937	0.0461933
2.07303	-0.0211266
1.9565	0.179123
1.8582	0.392218
1.9706	0.176762
1.83262	0.185555
0.877114	-0.451055
0.911941	-0.65382
0.624359	-0.76545
0.949693	-1.04496
1.23414	-1.06652
1.3623	-0.809243
1.42817	-0.636621
1.53348	-0.521957
1.57861	-0.467245
1.59027	-0.377363
1.59807	-0.216922
1.72463	-0.1672
1.67951	-0.0265319
1.82577	0.0621564
1.84895	0.154567
1.94379	0.085281
1.7478	-0.16764
1.63697	-0.199498
1.30381	-0.309885
1.0854	-0.292989
1.39933	-0.176669
1.64351	0.0638189
1.48575	0.111436
1.43699	0.0319496
1.48439	-0.0364856
1.56176	-0.105557
1.67929	-0.122773
1.86689	-0.243849
2.03795	-0.355257
2.10937	-0.489701
2.0545	-0.301886
1.99793	-0.195285
1.85044	-0.0472518
2.01957	-0.0351409
1.91559	-0.0186215
1.65681	0.0818751
1.25764	0.0214931
1.15238	-0.417406
0.864723	-0.495913
-0.0232831	-1.15753
0.164966	-0.861208
0.221835	-0.482644
1.39995	-0.597695
1.17935	-0.404673
1.25881	-0.226011
1.60089	-0.351628
1.88125	-0.354089
1.97793	-0.318674
1.95325	-0.277849
2.05433	-0.350605
2.14114	-0.497082
2.06317	-0.553747
2.12017	-0.661284
2.06805	-0.640005
2.03951	-0.693907
2.09608	-0.689601
2.09252	-0.554168
2.0015	-0.43112
1.85317	-0.503728
1.83877	-0.657478
1.67432	-0.560573
1.43997	-0.462266
1.14894	-0.328514
1.00457	-0.312947
0.802205	-0.223538
0.563966	-0.144772
0.438995	-0.328293
0.0580414	-0.24513
-0.0441049	-0.196398
-0.0635751	-0.173696
-0.120539	-0.15266
-0.122847	-0.139818
-0.0517998	-0.197742
0.120097	-0.228261
0.249562	-0.28006
0.737846	-0.46608
1.10375	-0.696747
1.18896	-0.767075
1.20096	-0.810287
1.39777	-0.864105
1.61682	-0.858262
2.03206	-0.683915
2.29373	-0.638617
2.03254	-0.526276
1.97563	-0.264214
1.93598	-0.100972
2.00192	-0.239432
1.83126	-0.174799
1.73322	-0.280583
1.5638	-0.015917
1.50479	-0.108162
1.38013	-0.229481
1.20223	-0.277897
1.16334	-0.502747
1.19849	-0.659353
0.858327	-0.698086
0.851206	-0.635566
0.749464	-0.768177
0.822143	-0.671433
1.08313	-0.404879
1.96159	-0.360303
1.85357	-0.401588
1.70568	-0.719093
1.89486	-0.870653
1.57432	-0.747887
1.71796	-0.822479
1.96634	-0.854449
2.21779	-0.564945
1.58389	-0.220741
1.64379	-0.516309
1.41177	-0.456247
1.29476	-0.434859
1.0754	-0.561272
0.962772	-0.616838
-0.177322	-0.514696
-0.749532	0.234916
-0.824082	0.390795
-0.406808	0.096873
-0.55508	-0.458266
-0.2991	-0.57396
-0.242154	-0.446292
0.101594	-0.798809
0.232142	-0.575944
0.483901	-0.444047
0.465037	-0.671279
0.38208	-0.917625
0.44951	-0.613725
0.708452	-0.553759
1.33047	-0.142541
1.65873	0.0647235
1.45103	0.200598
1.52441	0.126517
1.35005	0.0996806
1.11191	0.245626
0.910872	0.25626
0.212554	0.41101
-0.392686	0.05728
-0.553768	-0.0192855
-0.687566	0.105518
-1.0742	-0.00153604
-1.08759	-0.0354668
-1.01063	-0.109532
-0.779493	-0.140607
-0.689329	-0.179035
-0.342648	-0.500971
0.27191	-0.384706
0.751674	-0.372361
0.744942	-0.232341
0.738578	-0.25691
0.688468	-0.31273
0.741415	-0.467079
1.15414	-0.510508
1.40832	-0.689008
1.53874	-0.701301
1.88298	-0.690565
1.74784	-0.0423688
1.67775	-0.0822709
1.81713	0.00283604
1.68287	0.130081
1.64669	0.0707346
1.54558	0.0300062
1.53263	0.010557
1.51314	-0.144083
1.17402	-0.306554
1.34215	-0.496362
1.96253	-0.960454
1.90663	-0.72702
1.93459	-0.696365
1.77825	-0.569211
1.56736	-0.369413
1.54056	-0.213188
1.45458	-0.159784
1.30307	-0.0679358
1.73082	-0.313282
1.80495	-0.371569
1.57007	-0.206951
1.66818	-0.22168
1.84431	-0.140725
1.84659	-0.244666
1.76099	-0.281608
1.79408	-0.208168
1.56837	-0.121321
1.55726	-0.153706
1.37556	-0.186808
1.52919	-0.215692
1.24292	-0.3643
0.274765	-0.0776409
-0.165923	-0.353676
-0.426837	-0.259385
-0.648299	-0.175573
-0.807004	-0.403498
-1.21363	0.053495
-1.07379	-0.00949336
-0.71275	-0.168679
-0.864461	0.00578875
-0.943596	-0.0334886
-0.853368	-0.00133642
-0.725022	0.0266238
-0.54656	0.141033
-0.610359	0.135678
-0.51376	0.057465
-0.0611196	0.0259752
-0.0670164	-0.00119728
0.179294	-0.219698
0.383006	-0.393059
0.626156	-0.524827
0.635396	-0.759161
0.645057	-0.626936
0.635303	-0.637319
0.608545	-0.699977
0.876962	-0.829102
0.633197	-0.640301
0.716283	-0.75579
0.490515	-0.722427
0.496163	-0.732501
0.550854	-0.786096
0.440601	-0.784829
0.549451	-1.0258
0.532898	-0.912645
0.494662	-0.900135
0.459685	-0.827289
0.67642	-0.966972
0.59957	-0.897692
0.476719	-1.04207
0.578276	-1.085
0.48919	-0.934055
0.512238	-1.02023
0.53716	-0.947413
0.344702	-0.868767
0.541969	-1.01524
0.674977	-0.814406
0.665718	-1.06345
0.650464	-0.932923
1.00497	-0.402166
0.616864	-0.644744
0.421245	-0.235503
0.523358	-0.245973
0.847971	-0.353107
0.822938	-0.464872
0.710433	-0.504087
0.00163621	0.530051
-0.150625	0.513101
0.0575142	0.359178
-0.175323	0.515427
0.115207	0.253292
0.101781	0.354354
0.114869	0.376328
0.214473	0.31805
0.262728	0.230154
0.245164	0.417599
0.785166	-0.238478
0.854661	-0.20612
0.958201	-0.521607
0.845913	-0.634438
0.654271	-0.598249
0.71637	-0.539089
-0.452843	-0.844214
-0.37584	-0.537493
0.158448	0.209816
0.297714	-0.2828
0.593683	-0.355631
0.818688	-0.360615
0.994253	-0.548543
1.10018	-0.602966
1.18843	-0.787698
1.21412	-0.850785
1.23787	-0.862167
1.09456	-0.695881
0.994532	-0.510384
0.890754	-0.210964
0.791583	0.128522
0.931823	0.345172
1.44512	-0.0702816
1.93818	-0.275846
1.92256	-0.211073
1.80896	-0.138174
1.85308	-0.147531
1.49618	-0.0148355
0.848794	0.0364676
0.57513	-0.0480895
0.727629	-0.277794
1.00844	-0.42544
1.24208	-0.575356
1.09031	-0.441559
1.27219	-0.678423
1.3154	-0.503218
1.35725	-0.466831
1.43826	-0.379145
1.40385	-0.167363
1.50792	-0.274046
1.83663	-0.50736
1.6615	-0.244744
1.0086	0.0669828
0.486283	-0.330623
0.163386	-0.556815
-0.0194169	-0.538946
-0.222282	-0.507167
-0.137221	-0.64989
0.251308	-0.769311
0.539163	-0.738699
1.03763	-0.703659
2.16442	-0.521411
2.01209	-0.413122
1.95717	-0.405689
2.06049	-0.552009
2.04645	-0.703324
2.13426	-0.736544
2.03339	-0.539055
2.01847	-0.276194
1.69959	-0.201408
1.96021	-0.388629
1.80416	-0.300663
1.81154	-0.326293
1.9773	-0.595404
2.11783	-0.739354
2.03267	-0.663413
1.94316	-0.675277
2.14327	-0.862717
2.0642	-0.848854
2.00641	-0.811308
1.62398	-0.599972
1.42257	-0.697823
1.22847	-0.728586
1.15065	-0.669156
1.15739	-0.542291
1.36275	-0.387223
1.77064	-0.31972
1.988	-0.2968
2.14175	-0.290097
2.00556	0.0465103
1.99071	0.128773
1.8181	0.237324
1.15595	0.279162
0.158427	0.242935
0.000273983	0.333837
-0.44179	0.2579
-0.524484	0.0877619
-0.257363	-0.158127
0.127384	-0.215902
0.595356	-0.0676453
1.18909	0.113029
1.7386	-0.0872842
1.66442	-0.105089
1.70985	-0.173915
1.83863	-0.362707
1.81155	-0.506901
1.82238	-0.753657
1.5998	-0.718548
1.55118	-0.751914
1.60026	-0.764032
1.82853	-0.832858
1.97273	-0.984981
1.90284	-1.01447
1.80676	-0.925166
1.98873	-0.976749
2.26143	-1.0369
2.21381	-0.937085
1.61699	-0.481523
0.82106	-0.0613139
0.0625861	0.199128
-0.507491	0.287725
-0.570103	0.241687
-0.941999	0.108246
-0.646322	-0.0301991
-0.491873	-0.427141
-0.645666	-0.472831
-0.63872	-0.588805
-0.298766	-0.567585
0.444412	-0.425062
1.27342	-0.492563
1.58166	-0.250631
1.86175	-0.110913
2.26746	-0.377496
2.18411	-0.519166
2.16249	-0.564168
2.03414	-0.808524
2.19581	-0.889189
2.19965	-0.809469
2.17182	-0.692952
2.15183	-0.650456
2.04997	-0.499898
1.92211	-0.191509
1.82204	0.0225852
1.70547	0.00318972
1.56881	-0.247212
1.21336	-0.280323
0.982919	-0.65774
0.161773	-0.79157
0.0507213	-0.920572
0.724932	-0.451128
0.69648	-0.429535
1.10372	-0.853866
1.31438	-0.475655
0.887584	-0.350527
1.30296	-0.470797
1.11904	-0.495642
1.27828	-0.585156
1.40884	-0.723454
1.44201	-0.804719
1.4956	-0.871794
1.41614	-0.840495
1.38513	-0.731496
1.47952	-0.717948
1.5846	-0.76053
1.65615	-0.690177
1.79934	-0.72132
2.05984	-0.510478
1.85716	-0.193812
1.7234	-0.170913
1.95754	-0.306008
1.77264	-0.173614
1.93066	-0.227916
1.92517	-0.373449
1.52466	-0.294095
1.10722	-0.269234
0.801038	0.287894
0.692132	0.368667
0.79701	0.201209
0.702696	0.240644
0.681129	0.267169
0.759909	0.218136
0.998411	0.165349
1.0862	0.129453
0.659388	0.216434
0.0432587	0.140419
-0.370714	-0.0912087
-0.405664	0.193537
-0.340857	0.30715
-0.409208	0.27254
-0.233959	-0.0168773
-0.145941	-0.0808088
-0.22226	-0.284573
-0.14166	-0.242061
-0.237474	-0.136604
-0.188495	-0.181016
-0.156169	0.0352254
-0.0477961	0.0933788
0.145966	-0.00814193
0.269154	-0.127354
0.41808	-0.230449
0.752834	-0.16086
0.78293	-0.51146
0.853695	-0.238522
0.85258	-0.498927
0.784407	-0.496091
0.775497	-0.71744
0.831864	-0.649821
0.967703	-0.684108
0.854216	-0.498775
0.664114	-0.560516
0.693157	-0.688072
0.744612	-0.797175
0.718611	-0.614557
0.736446	-0.702749
0.510812	-0.591442
0.672216	-0.830618
0.630627	-0.768798
0.468197	-0.715559
0.712982	-0.907569
0.526226	-0.898452
0.7753	-0.753375
0.368609	-0.499552
-0.114286	-0.384002
-0.201917	-0.339123
-0.235553	-0.264088
-0.417111	-0.387865
-0.611315	-0.432045
-0.539594	-0.460505
-0.48683	-0.281413
-0.337581	-0.201006
0.211803	-0.328173
0.440975	-0.435812
0.741315	-0.53074
0.54091	-0.450992
0.435735	-0.373362
0.682018	-0.442729
0.540903	-0.0718826
0.374097	0.0193749
0.0457463	0.0567733
-0.324603	-0.100997
-0.479174	-0.194422
-0.560619	-0.309346
-0.621457	-0.271101
-0.686824	-0.447514
-0.4066	-0.441866
-0.247275	-0.557653
-0.0634617	-1.00375
0.289439	-0.487425
0.986678	-0.534417
1.36694	-0.567012
1.82137	-0.718817
1.75849	-0.882543
1.59453	-1.00126
1.27694	-0.873285
1.30086	-0.922974
1.2118	-0.910441
1.19832	-0.94068
1.31136	-1.02827
1.34447	-1.07983
1.34538	-1.12732
1.29627	-1.118
1.22066	-1.10646
1.18104	-1.0691
1.09409	-0.981222
1.03109	-0.848289
1.09924	-0.664215
1.49124	-0.602493
1.60543	-0.684255
1.66913	-0.482371
1.7635	-0.267912
1.89611	-0.201788
2.02204	-0.217398
2.03731	-0.0689172
1.83083	0.138677
1.73767	0.128081
1.78686	-0.113315
1.45473	-0.275288
0.149143	-0.120157
-0.0170984	0.016186
-0.852417	0.0616433
-0.996608	0.0820793
-0.955948	0.156043
-0.859131	0.00563114
-0.824341	-0.351846
-0.809665	-0.431541
-0.32724	-0.538032
0.557376	-0.360088
1.55386	-0.35873
0.840277	-0.492547
0.737854	-0.634859
0.581507	-0.554576
0.519151	-0.608068
0.636024	-0.702266
0.720809	-0.98468
0.546754	-0.899331
0.567197	-0.77179
0.684143	-0.791875
1.29402	-0.537808
1.04499	-0.673339
1.85347	0.0211375
2.11963	-0.160174
2.10311	-0.190465
2.06047	-0.0875326
2.05598	-0.0644244
2.11592	-0.388657
1.9878	-0.74556
1.85329	-0.597278
1.90905	-0.658841
1.95264	-0.583014
2.0278	-0.566708
1.9126	-0.397125
1.88441	-0.435326
2.03472	-0.460135
2.10773	-0.491305
2.13496	-0.717513
2.00332	-0.585783
2.11176	-0.687482
2.07052	-0.836749
1.83466	-0.806566
1.66278	-0.733971
1.39558	-0.74283
1.13447	-0.736548
1.00357	-0.74316
0.921288	-0.700898
0.877088	-0.738463
0.843436	-0.721575
0.846146	-0.688999
0.886168	-0.72268
0.967018	-0.722031
1.08811	-0.689447
1.34046	-0.733074
1.54668	-0.720876
1.9432	-0.669831
1.75478	-0.28796
1.66902	-0.00322483
1.75087	-0.151754
1.44403	0.0318715
0.793295	0.0772862
0.336836	-0.120851
-0.140166	-0.334965
-0.408799	-0.386758
-0.158759	-0.275855
-0.335987	-0.37534
-0.168218	-0.365062
-0.229798	-0.464142
-0.243967	-0.485025
-0.352624	-0.522138
-0.114417	-0.165272
0.613969	-0.0867695
0.820881	-0.72701
0.519918	-1.10489
0.544891	-0.78274
0.566886	-0.85832
0.418853	-0.774427
0.484005	-0.758617
0.509532	-0.674318
0.703721	-0.801767
0.452801	-0.855853
0.675906	-0.779087
0.797731	-0.793709
0.420272	-0.863277
0.78604	-0.493216
0.824222	-0.169942
1.37244	-0.554667
1.80686	-0.295612
1.92783	0.111151
1.928	0.338089
2.25357	0.277163
2.35686	0.128498
2.06994	0.102627
2.04752	0.277308
1.88764	0.353642
1.6438	0.47735
1.59271	0.316262
1.40539	0.229106
1.29327	-0.0971028
0.931115	-0.3199
0.688584	-0.444115
0.486274	-0.391426
0.32793	-0.315175
0.413016	-0.303508
0.645279	-0.163553
1.41038	-0.0927107
1.60358	-0.000563216
1.57727	0.0190617
1.39279	-0.0894666
1.35289	-0.0969736
1.51899	-0.193503
1.53938	-0.120065
1.44631	-0.15135
1.33091	-0.0908412
0.942661	-0.369219
0.655481	-0.578928
0.513341	-0.538523
0.477374	-0.339175
0.105526	-0.220836
0.23501	-0.226311
0.0849646	-0.194642
-0.0381709	-0.0770273
-0.0033806	-0.0737574
0.0431096	-0.134779
0.0136539	-0.106386
-0.0458189	-0.0386578
-0.0608969	-0.0323484
0.0214134	-0.0449406
0.11804	-0.113571
0.276219	-0.177453
0.386411	-0.281367
0.561297	-0.399241
0.727127	-0.491672
0.929246	-0.561014
1.06588	-0.527326
1.32388	-0.493996
1.40164	-0.578376
1.81607	-0.695604
1.59021	-0.390343
1.48715	-0.524181
1.72856	-0.456233
1.93287	-0.506049
1.64145	-0.522693
1.52926	-0.342712
1.41587	-0.398361
0.711517	-0.288738
0.246579	-0.426925
-0.0246805	-0.709998
0.026938	-0.773824
-0.21133	-0.587171
-0.295873	-0.5939
-0.32802	-0.441114
-0.385322	-0.480005
-0.383168	-0.452235
-0.320782	-0.464373
-0.0727519	-0.343615
0.312962	-0.0574827
-0.300476	-0.159343
-0.0634797	-0.176298
-0.193282	-0.241185
-0.31478	-0.423143
0.0676086	-0.507253
0.372369	-0.644378
0.452344	-0.550349
0.521604	-0.636792
0.761963	-0.618374
0.539676	-0.636453
0.621991	-0.642146
0.511125	-0.680908
0.521369	-0.788906
0.56553	-0.806451
0.476526	-1.11211
0.403547	-1.07127
-0.0164781	-0.781129
-0.0961452	-0.995414
-0.00892287	-0.975926
-0.193409	-0.947341
-0.353039	-0.980853
-0.17123	-1.09894
0.522361	-0.622051
0.628681	-0.697798
0.925092	-0.721228
0.802566	-0.542778
0.731229	-0.568482
0.657543	-0.534817
0.554971	-0.506036
0.629438	-0.490704
0.670634	-0.372883
0.714377	-0.313771
0.753312	-0.41523
0.760212	-0.552339
0.759757	-0.635963
0.88302	-0.736833
1.06174	-0.78027
1.37507	-0.783989
1.63772	-0.62086
1.94471	-0.556587
2.25823	-0.720329
2.1526	-0.456409
2.24053	-0.462051
2.17642	-0.43404
2.18344	-0.272666
2.22408	-0.263183
1.75596	-0.171333
1.41851	-0.502159
1.5312	-0.775213
1.56556	-0.883488
1.7984	-0.823978
1.87467	-0.623715
1.85055	-0.690699
1.8376	-0.880738
1.63907	-0.95926
1.5824	-0.979437
1.54068	-0.919613
1.62624	-0.856447
1.8616	-0.846022
2.15442	-0.810341
1.98494	-0.768092
2.00141	-0.580138
1.99938	-0.256906
2.10041	-0.215318
2.04008	-0.059596
1.95391	0.0360925
1.9423	-0.184578
0.96613	0.0262705
0.47005	-0.232174
-0.0174701	-0.014234
-0.260288	-0.276993
-0.423992	-0.540896
-0.390546	-0.231492
-0.102095	-0.379744
0.100145	-0.311804
0.844944	-0.657781
1.0443	-0.687704
1.38972	-0.556364
1.78562	-0.619534
1.86546	-0.500714
1.51476	-0.708909
1.56299	-0.735845
1.47498	-0.704733
1.41151	-0.647895
1.46783	-0.622026
1.51614	-0.571961
1.61734	-0.425812
1.90684	-0.32689
1.89937	-0.101964
1.60213	-0.30416
1.49962	-0.449187
1.25758	-0.407708
1.08	-0.543016
0.70653	-0.494802
0.665306	-0.393754
1.59514	-0.21185
1.68687	-0.195663
1.56184	-0.460593
1.72663	-0.510549
1.50942	-0.509189
1.71979	-0.575038
1.91426	-0.561164
1.84249	-0.513768
1.91604	-0.154736
1.76213	0.0580406
1.73909	-0.0124425
1.70958	-0.18004
0.430817	0.0899587
0.0886482	-0.00956299
-0.333697	0.434113
-0.693614	0.390673
-0.182159	0.402524
0.298926	0.319894
0.993113	0.165521
1.50157	-0.206693
1.65244	-0.258898
1.61694	-0.223491
1.53248	-0.18358
1.68311	-0.498504
1.8416	-0.773917
1.58506	-0.71774
1.56125	-0.856167
1.73971	-0.915152
1.86097	-0.867325
1.79433	-0.602688
1.72742	-0.335991
2.08147	-0.486257
1.99893	-0.418898
2.02051	-0.571428
1.93373	-0.445068
1.63588	-0.650495
1.69234	-0.59594
1.8548	-0.552053
1.77817	-0.446884
1.69084	-0.135308
1.70759	0.0596551
1.67451	-0.0200735
1.37477	-0.364298
0.363981	-0.334559
0.256374	-0.645226
0.685289	-0.631965
1.15568	-0.243811
1.68481	0.146298
1.61999	-0.0825128
1.76185	-0.00550677
1.722	-0.0761088
1.79894	0.049581
1.77982	0.143258
1.66812	0.290142
1.28372	-0.154866
1.39011	-0.389344
1.2012	-0.505473
0.955973	-0.712074
0.367682	-0.655187
0.559258	-0.839124
0.66024	-0.67001
1.24083	0.0262317
1.52763	-0.286103
1.91023	-0.253929
2.06856	-0.303365
2.00385	-0.184865
1.99181	-0.241359
2.14597	-0.504534
2.07538	-0.538874
2.04435	-0.53121
2.04149	-0.492806
2.0474	-0.51856
1.80711	-0.513752
1.70311	-0.552764
1.65309	-0.443622
1.61284	-0.306421
1.67342	-0.220279
0.968625	-0.25159
0.958054	-0.218187
0.719248	-0.0908064
0.414269	-0.15786
0.53855	-0.280153
0.687841	-0.404056
0.729748	-0.384571
0.353003	-0.0940377
0.307195	-0.110174
0.228046	-0.137922
0.418789	-0.230477
0.311841	-0.00640718
0.297723	-0.0867207
0.273594	-0.126766
0.495793	-0.217579
0.565293	-0.325486
0.438125	-0.347411
0.456918	-0.355863
0.728815	-0.53885
1.10615	-0.325776
1.22439	-0.41866
1.56972	-0.341743
1.70719	-0.484848
1.58751	-0.438725
1.6806	-0.513238
1.86195	-0.432199
2.02107	-0.350833
1.82767	-0.502378
1.77288	-0.464667
1.49669	-0.565021
1.56191	-0.595089
1.27662	-0.499928
1.11307	-0.773189
1.02956	-0.725997
0.873859	-0.690503
0.885004	-0.778811
0.863086	-0.854233
0.687667	-0.729401
0.821131	-0.812451
0.647802	-0.819208
0.540706	-0.791732
0.56102	-0.808957
0.536936	-0.967837
0.427762	-0.888239
0.72129	-0.776899
0.524113	-0.82705
0.0948037	-1.11369
0.56544	-0.901056
0.611355	-0.733709
0.61447	-0.788501
0.454306	-0.725984
0.0792585	-0.668353
0.295166	-0.74256
0.396298	-0.748136
0.692141	-0.76602
0.769826	-0.556133
0.830266	-0.871142
0.812532	-0.59735
0.776554	-0.250005
1.28349	0.0506515
1.75821	-0.263077
1.59454	-0.561718
1.82397	-0.755568
1.15133	-0.455695
1.57231	-0.578978
1.95197	-0.807187
1.79536	-0.698396
1.70982	-0.531392
1.90001	-0.398481
1.99168	-0.36727
1.88622	-0.169976
1.78374	-0.0848471
0.829645	0.264091
0.322974	0.0549165
-0.158614	0.194841
-0.398735	-0.0247075
-0.411552	-0.330703
-0.402459	-0.341672
-0.288733	-0.428096
-0.074053	-0.341865
1.26527	-0.186461
1.7476	-0.306556
1.88122	-0.313473
1.80115	-0.383858
2.05263	-0.609431
2.36012	-0.731304
2.38789	-0.745608
1.87633	-0.395046
1.70512	-0.390522
1.71185	-0.220298
1.80463	-0.119386
1.90078	0.00839833
1.82688	0.138722
1.71057	-0.0116688
1.47334	-0.0181573
1.41559	-0.224586
0.910909	-0.812211
0.315126	-0.67685
1.01633	-0.238988
1.70716	-0.339833
1.82863	-0.125901
1.98596	-0.155364
2.10028	-0.179145
2.00245	-0.178506
2.03083	-0.323199
1.98593	-0.321835
2.25096	-0.447633
2.27565	-0.39051
2.21523	-0.313367
1.70701	-0.255304
1.96512	-0.414265
2.08073	-0.423375
2.07836	-0.506839
2.04727	-0.559278
2.40266	-0.96516
2.02147	-0.784278
1.93342	-0.715631
1.90766	-0.582719
1.93034	-0.412292
1.17167	0.114471
0.479168	0.27376
0.128522	-0.0416036
-0.250176	0.031221
-0.400972	-0.120617
-0.335711	-0.479099
-0.0706736	-0.607571
0.0732869	-0.550945
0.303338	-0.441246
1.43271	-0.096732
1.91677	0.113827
1.74742	0.126273
1.82705	0.0486529
2.07977	-0.174258
2.0383	-0.245978
1.33575	0.0681537
1.02892	0.180701
1.15953	0.228036
1.0356	0.454866
1.16011	-0.0420582
1.09546	-0.555935
0.935825	-0.502763
0.735879	-0.393054
0.882601	-0.456055
0.797062	-0.840997
0.631578	-0.739479
0.784961	-0.48839
0.716853	-0.871663
1.17132	-0.418176
1.63327	-0.652911
1.53373	-0.581229
1.57117	-0.664997
1.52366	-0.670989
1.4827	-0.670595
1.34037	-0.679908
1.23427	-0.464897
1.13477	-0.359583
0.917237	-0.252685
0.397384	-0.557774
0.722096	-0.385288
1.05665	-0.361283
0.521799	-0.637404
0.191683	-0.669856
-0.316641	-0.285219
-0.235503	-0.336853
-0.57287	-0.24403
0.597132	0.107106
1.42878	-0.379068
1.51842	-0.0969491
1.54695	-0.141837
1.57191	-0.137212
1.79925	-0.27116
1.82845	-0.358059
1.80835	-0.296193
1.90278	-0.26045
1.81283	-0.145745
1.78467	-0.0989074
1.75197	-0.0441446
1.50377	-0.121125
1.3934	-0.0793658
1.07769	-0.490918
0.950507	-0.495297
0.90586	-0.36717
1.01673	-0.785229
1.18151	-0.775914
0.961758	-0.457108
1.36186	-0.168115
1.91051	-0.846746
1.87234	-1.05003
1.7455	-0.272119
1.93304	-0.924405
1.71221	-0.812694
1.60424	-0.854796
1.4366	-0.723918
1.57355	-0.882821
1.55418	-0.869351
1.44155	-0.941025
1.63088	-1.02522
1.56415	-1.06886
1.63961	-1.08838
1.67887	-0.97164
1.93208	-0.913589
1.87338	-0.753719
1.93472	-0.758373
1.86305	-0.617993
1.81691	-0.55391
1.89135	-0.574977
2.02192	-0.520864
1.64359	-0.625063
1.11968	-0.585309
0.783135	-0.337591
0.700606	-0.18739
0.747089	-0.0302476
0.809332	0.1505
0.932263	0.0396073
0.765997	0.0182114
0.727897	0.0066007
0.809531	-0.000657501
1.19424	0.0737868
0.827682	-0.104112
0.397802	0.0359886
-0.223685	-0.068061
-0.721967	-0.0623115
-0.655541	-0.139185
-0.910512	-0.00557743
-0.909439	0.0776718
-0.875559	0.146905
-0.819813	-0.241006
-0.720772	-0.124546
-0.843418	-0.221915
-0.740308	-0.234446
-0.709267	-0.0796568
-0.58757	-0.294598
-0.315614	-0.283796
-0.569985	-0.284169
-0.29684	-0.138012
-0.102478	-0.344628
-0.363592	-0.479753
-0.0589087	-0.386471
0.261232	-0.427327
0.232001	-0.650134
0.411519	-0.563197
0.574874	-0.732915
0.526206	-0.686868
0.553277	-0.762413
0.560369	-0.815758
0.580862	-1.00714
1.42656	-0.442016
2.11461	-0.725072
2.30702	-0.784871
2.37067	-0.675943
2.14562	-0.539512
2.19362	-0.581137
2.11336	-0.48922
2.10965	-0.332243
2.03381	-0.130797
1.93179	0.20037
1.44993	-0.143744
0.356185	-1.15921
0.773159	-0.789921
2.24126	-0.489402
1.86002	-0.0666662
1.62744	0.109647
2.13717	-0.214634
2.28232	-0.465352
2.32002	-0.583745
2.09275	-0.394152
2.39256	-0.586908
2.2743	-0.555597
2.24856	-0.414321
2.36723	-0.454129
2.18822	-0.502178
2.07448	-0.681033
1.90447	-0.606966
1.74188	-0.557392
1.74005	-0.629968
1.91265	-0.564881
2.15712	-0.449069
1.99416	-0.178605
2.09177	-0.205038
1.91863	-0.091616
1.91746	-0.0208268
1.8589	0.0679388
1.81897	0.130748
1.85161	0.250163
1.7535	0.292448
1.74486	0.311149
1.77844	0.372084
1.71708	0.346986
1.64403	0.385341
1.63435	0.362644
1.65257	0.291691
1.59882	0.343116
1.67835	0.219669
1.60385	0.21818
1.69092	0.101452
1.78567	0.0596527
1.78179	0.0659496
1.9497	0.0246346
1.98062	-0.0681108
2.07101	-0.16844
2.03715	-0.234659
2.06043	-0.278973
1.99186	-0.204718
2.40865	-0.483302
1.84913	-0.548279
1.98786	-0.755132
1.76992	-0.633186
1.90765	-0.69289
1.86561	-0.583115
1.90573	-0.537
1.87215	-0.343136
1.88706	-0.233884
1.8799	-0.0878843
1.78943	0.0169804
1.01293	-0.430985
0.691176	-0.757211
1.28039	-0.345496
1.94515	-0.523286
1.72512	-0.249328
0.78658	0.0946789
-0.386747	-0.147352
-0.0410755	0.170271
1.33677	-0.127106
1.92925	-0.558571
2.04037	-0.668829
1.93418	-0.578177
2.17267	-0.644953
2.30838	-0.717635
2.32171	-0.615498
2.35132	-0.494098
2.14235	-0.80774
1.90637	-0.651769
2.03928	-0.806442
1.94332	-0.814795
2.2123	-0.883725
2.13085	-0.460823
2.31321	-0.76077
2.23139	-0.870404
1.95281	-0.743212
1.8746	-0.520271
1.95399	-0.276048
1.95977	-0.0624565
2.00621	-0.100816
1.54331	-0.222067
1.21467	-0.304307
1.06929	-0.409776
0.367409	-1.05997
0.427561	-1.07817
0.35197	-0.585358
1.31526	-0.481411
1.30037	-0.582434
1.48232	-0.499932
1.70043	-0.879626
1.85798	-0.906268
1.41552	-0.346872
1.61217	-0.113406
1.67975	-0.131517
1.62178	-0.194117
1.51619	0.0300492
1.55138	0.247353
1.64307	0.118896
1.42	0.111518
1.40653	-0.00916239
0.630596	0.0973821
-0.0540992	-0.236131
0.208606	-0.0862926
0.0614078	-0.014512
-0.45426	0.232579
-0.0390763	0.0621371
0.462066	-0.146553
1.51608	-0.644418
1.51623	-0.959539
1.70674	-0.912703
1.85689	-0.817388
2.03218	-0.065823
2.07091	-0.0926194
1.9863	-0.0612912
2.04215	-0.0295514
2.12484	-0.0327288
2.28526	0.28311
2.10179	0.235593
2.3067	0.326076
2.08738	0.164251
1.9551	0.0938213
1.74124	0.0956016
1.37632	-0.1474
0.829724	-0.380898
0.621811	-0.516276
0.592161	-0.773989
0.652818	-0.733799
0.674004	-0.660082
0.640989	-0.805655
0.74237	-0.789883
0.601283	-0.619067
0.548478	-0.684462
0.886294	-0.535231
1.00061	-0.507085
0.856646	-0.339556
0.826466	-0.422957
0.471818	-0.59956
0.822557	-0.659829
1.03776	-0.726145
0.829789	-0.696001
0.685193	-0.861594
0.748039	-0.764459
0.697088	-0.740937
0.402153	-0.737881
0.771979	-0.678456
0.331304	-0.792946
0.642358	-0.875431
0.713468	-0.785167
0.3292	-0.976436
0.433025	-0.890464
0.396506	-0.701959
0.458785	-0.814252
0.534187	-0.8926
0.481268	-0.783172
0.716195	-0.694066
0.736409	-0.562476
0.955748	-0.384722
1.4733	-0.435158
1.29115	-0.684488
1.88283	-0.909545
2.02783	-0.940509
1.98731	-0.861692
1.95512	-0.848524
1.72003	-0.657813
1.70217	-0.515088
1.72063	-0.352696
1.72213	-0.137879
1.82825	0.0355297
1.74424	0.17879
1.73256	0.180766
1.59505	0.35313
1.63225	0.31692
1.5865	0.371081
1.51581	0.286731
1.35683	0.316624
1.13594	0.343227
1.07735	0.30036
1.03364	0.139911
0.942721	-0.0338242
0.900176	-0.221933
0.787184	-0.417744
0.555925	-0.477322
0.329166	-0.460248
0.146524	-0.4174
0.0773692	-0.370904
0.112441	-0.373043
0.245312	-0.408635
0.404195	-0.496133
0.623181	-0.639142
0.935568	-0.811989
1.32444	-1.0309
1.61214	-1.09246
1.56677	-0.907844
1.68372	-0.658879
1.59217	-0.306974
1.95105	-0.518319
1.91077	-0.349598
1.90764	-0.370368
1.78682	-0.219584
1.81147	-0.352483
2.01499	-0.573575
1.95998	-0.645674
1.68674	-0.502523
2.1718	-0.46135
2.03547	-0.471318
1.97572	-0.473124
1.96443	-0.476546
1.83168	-0.415732
1.81106	-0.430265
1.65364	-0.385507
1.60829	-0.410166
1.62706	-0.371027
1.62218	-0.251139
1.59923	-0.0616943
1.47184	0.145148
1.17829	0.168809
1.07125	0.125526
-0.0767865	0.484778
-0.481731	0.38641
-0.664019	0.273253
-0.94662	0.019517
-0.89009	-0.167818
-0.420518	-0.451697
-0.605463	-0.522007
-0.274089	-0.430323
0.0645024	-0.58215
0.724244	-0.541407
1.66088	-0.128727
2.0305	-0.330829
1.95304	-0.379147
2.05517	-0.554159
2.00561	-0.595855
1.86844	-0.538002
1.95378	-0.510446
1.99367	-0.432997
1.9469	-0.284488
1.80045	-0.0192186
1.37393	0.00687613
1.10815	-0.297056
0.828347	-0.480799
0.657607	-0.511326
0.986456	-0.255934
2.17558	-0.317366
1.76494	0.156697
1.75186	0.113007
1.75264	0.0901698
1.85467	0.116585
1.70331	0.148341
0.917575	0.428575
0.196068	0.231722
0.0225799	0.0720227
-0.00542455	-0.0399656
0.0056961	-0.334636
-0.0289806	-0.48
0.233609	-0.785195
0.40639	-0.872074
1.05221	-0.643823
1.76896	-0.524872
2.25035	-0.624668
2.10364	-0.391547
2.1576	-0.562712
1.90655	-0.430888
1.78698	-0.43541
1.48466	-0.270274
1.36119	-0.242622
1.14748	-0.310451
0.780642	-0.433503
0.96913	-0.668715
0.81485	-0.756003
0.7997	-0.5813
1.11795	-0.827916
0.939005	-0.958863
1.09441	-0.625953
1.12265	-0.767999
1.50609	-0.901171
1.37435	-0.739999
1.63864	-0.817833
2.03505	-0.653304
2.12696	-0.682926
1.99402	-0.499913
2.07821	-0.523119
2.06077	-0.599494
2.02508	-0.495379
2.04674	-0.365949
2.05979	-0.181625
1.55834	0.0157775
1.1949	0.254859
0.827506	0.550349
0.613303	0.235734
0.401374	0.287983
0.0757976	-0.12621
-0.0232432	-0.118183
-0.182147	-0.484864
0.108818	-0.517064
0.454833	-0.528241
0.994199	0.0885154
1.99211	-0.121168
2.18252	-0.123279
2.33609	-0.171099
2.3273	-0.0588681
2.27289	-0.0498034
2.16347	-0.0994667
2.15047	-0.032209
2.15664	0.108595
2.2636	0.0666073
1.71121	0.291899
0.982976	0.198564
0.217992	0.0174231
-0.6577	-0.179036
-1.04736	-0.000559446
-1.07988	0.0127775
-1.25856	-0.343234
-1.27674	-0.243746
-1.13331	-0.441381
-0.998107	-0.84656
-0.668374	-0.729006
-0.276373	-1.15737
0.653999	-0.684978
1.65652	0.17211
1.6361	-0.000818315
1.48508	-0.0156209
1.52927	-0.00721586
1.44041	0.0746484
1.5799	0.0385932
1.78318	-0.129893
2.0592	-0.443789
1.96687	-0.441908
2.17475	-0.500502
2.19008	-0.641482
2.11001	-0.692267
1.88161	-0.642067
1.79727	-0.659177
1.80571	-0.588212
1.75899	-0.579674
1.84679	-0.662587
1.99707	-0.593704
1.94254	-0.483111
1.87038	-0.434943
1.99023	-0.578807
1.81996	-0.371988
1.82871	-0.343852
1.9353	-0.151692
1.69986	-0.276743
1.71082	-0.256192
1.66621	-0.269452
1.79468	-0.0754352
1.77701	0.119921
1.71423	-0.302228
1.52538	-0.325917
1.54915	-0.326757
1.36063	-0.358175
1.36604	-0.521558
1.18229	-0.643474
0.0583943	-0.950081
0.300452	-0.815005
0.602265	-0.968953
0.466517	-1.0289
1.40306	-0.256746
1.91931	-0.0178784
2.18086	-0.165158
2.14943	0.0493696
2.1536	-0.0903796
2.12089	-0.10219
1.78528	-0.164021
1.82312	-0.556203
1.78358	-0.651705
1.70222	-0.561536
1.03808	-0.384019
1.40596	-0.475696
1.84486	-0.522451
2.02944	-0.523066
2.00376	-0.666629
2.08263	-0.703698
1.79801	-0.505084
1.41034	-0.424386
1.91549	-0.693498
2.12845	-0.632596
1.84531	-0.352358
1.61979	-0.117558
1.59234	-0.0967046
1.2461	-0.276164
0.725964	-0.561732
0.285378	-0.614782
0.374718	-0.831142
0.580495	-0.685539
0.902046	-0.167984
1.06251	0.142366
1.42038	-0.125805
1.65065	-0.192837
1.59527	-0.152574
1.60005	-0.0496326
1.65088	0.0094739
1.6853	0.0305444
0.378431	0.529873
-0.197173	0.440995
-0.494932	0.304697
-0.334641	0.14087
-0.366291	-0.00408682
0.313229	0.162869
1.34651	0.150088
1.6001	0.191477
1.80933	0.237245
1.76531	0.23775
1.70747	0.235138
1.63898	0.264512
1.55229	0.0623304
1.44175	0.0455968
1.2656	-0.271137
1.65489	-0.0875472
1.98397	-0.218695
1.97471	-0.172896
1.90906	-0.341355
1.89007	-0.501542
2.00986	-0.59957
1.82126	-0.347711
1.78397	-0.413906
2.25742	-0.678576
2.41962	-0.601871
2.12082	-0.0555715
1.76819	-0.0928789
1.54281	-0.133116
1.4895	-0.317443
1.01296	-0.472783
0.951914	-0.505779
0.922062	-0.463116
1.18987	-0.323879
1.44248	0.0311447
1.73973	0.172151
2.02581	0.165278
1.91113	0.281134
2.0161	-0.0477004
1.88321	-0.135322
1.47832	0.159671
1.48921	0.132802
1.52738	-0.208409
1.10477	-0.226109
0.448224	-0.725258
0.241231	-0.819782
0.0873245	-0.793495
0.7	-0.472777
1.26931	-0.33111
1.78611	-0.818369
1.86116	-1.02663
1.56561	-0.970092
1.74311	-1.07501
1.64649	-0.954026
1.7715	-0.925486
1.8897	-0.82728
2.02709	-0.78236
1.94016	-0.649617
1.81088	-0.420553
1.97059	-0.339045
1.84016	-0.126055
1.74593	0.0308477
0.645634	-0.201436
0.166009	-0.494484
-0.0322122	-0.477035
-0.043642	-0.337706
-0.377285	-0.472138
-0.1365	-0.400575
0.728472	-0.124727
1.52053	0.0274044
1.54412	-0.158366
1.5114	-0.228305
1.54438	-0.202976
1.89552	-0.363356
1.98711	-0.461751
2.12652	-0.645196
1.96454	-0.560391
1.84229	-0.498655
1.87343	-0.617272
1.68967	-0.602298
1.57038	-0.655125
1.31128	-0.618673
1.14613	-0.663022
0.858754	-0.560903
0.587181	-0.366773
0.546084	-0.115005
0.848896	0.00963505
2.00033	-0.62599
2.03856	-0.572578
1.94431	-0.407291
1.94891	-0.378142
1.91327	-0.228391
1.61581	0.00948574
1.42459	-0.0846541
1.23171	-0.360344
0.976632	-0.444448
0.166923	-0.656199
0.324789	-0.853303
1.36969	-0.537919
1.56177	-0.664196
1.6488	-0.407028
1.6724	-0.394066
1.86857	-0.541631
2.05912	-0.736128
2.048	-0.898536
1.48146	-0.527874
1.70708	-0.863358
1.97471	-0.987826
2.15654	-0.75782
2.1849	-0.440902
2.17377	-0.230805
2.08861	-0.237482
1.98321	-0.246411
1.94178	-0.273624
1.8165	-0.230602
1.81955	-0.276896
1.96892	-0.374024
2.02071	-0.444029
1.86947	-0.468275
1.73925	-0.483695
1.7922	-0.64491
1.82826	-0.703823
2.13448	-0.780309
2.03126	-0.841141
1.84014	-0.766726
1.94984	-0.834484
1.83868	-0.698025
1.7656	-0.474326
1.10872	-0.136226
0.910042	0.116409
0.616203	0.272038
0.435653	0.289026
0.325615	0.304173
0.216737	0.194473
0.248352	0.0563523
0.415419	-0.19332
0.778759	-0.489788
1.00768	-0.652411
1.3487	-0.800121
1.54255	-0.79413
1.59526	-0.731519
1.82188	-0.72495
2.07364	-0.779221
1.80754	-0.789961
1.76122	-0.800133
1.24646	-0.503179
1.72363	-0.743706
1.46762	-0.623839
1.41066	-0.526508
1.37826	-0.42164
1.50595	-0.35773
1.54501	-0.157243
1.68311	0.00308588
1.7339	0.103563
1.83773	0.0782187
1.93225	-0.0665759
1.90129	-0.207829
2.02148	-0.29456
2.04008	-0.415169
1.76699	-0.587159
1.85101	-0.633986
1.73902	-0.615184
1.71845	-0.604315
1.80804	-0.573206
1.63294	-0.451334
1.1268	0.0899762
0.586842	0.29259
0.454202	0.206366
0.306694	0.00610719
0.2472	-0.210037
0.338748	-0.392357
0.515342	-0.506186
0.703082	-0.562312
0.98833	-0.572571
1.35886	-0.535714
1.64856	-0.300816
1.55869	0.153902
0.992781	0.134413
0.27025	0.000745613
-0.476103	-0.143697
-0.601079	-0.028584
-0.524108	-0.141151
-0.676323	-0.366271
-0.479161	-0.454791
-0.387032	-0.48688
-0.31366	-0.502604
0.192528	-0.606034
0.397991	-0.613379
0.656659	-0.607764
1.15364	-0.633714
1.75342	-0.151691
1.67016	-0.117362
1.50811	0.31056
1.51711	0.253276
1.58019	0.0943088
1.6471	-0.266136
1.54085	-0.205074
1.38025	-0.431931
0.979979	-0.57612
0.910254	-0.811422
0.745831	-0.868642
0.434853	-0.651074
0.339115	-0.586483
0.379966	-0.617407
0.458627	-0.561729
0.674392	-0.65717
1.01688	-0.809302
1.1049	-0.760968
1.29661	-0.715986
1.38022	-0.518005
1.21784	-0.32558
1.33945	-0.216905
1.39904	-0.10439
1.21949	-0.263985
0.943514	-0.314685
0.88342	-0.588643
0.447474	-0.530545
-0.196742	-0.885945
0.601821	-0.635991
0.423795	-0.483975
0.377594	-0.54335
0.508643	-0.23291
0.931869	-0.167234
0.608115	0.0351384
0.71856	-0.334239
0.611454	-0.37996
0.726254	-0.545391
0.911908	-0.953798
0.312359	-0.665575
0.514331	-1.0438
0.345225	-0.824618
0.576972	-0.627817
0.594439	-0.771662
1.09847	-0.878281
1.11661	-0.767915
0.784405	-0.563956
1.03603	-0.700256
1.547	-0.772109
1.82407	-0.411164
1.82384	-0.387772
1.96693	-0.236632
1.73844	-0.231477
1.86985	-0.453602
1.66878	-0.42829
1.56917	-0.757927
1.26435	-0.716209
1.27641	-0.754787
1.20701	-0.503591
1.15324	-0.507452
1.05508	-0.698862
0.802131	-0.958256
0.544127	-0.623129
0.635049	-0.721584
0.717926	-0.831798
0.671402	-0.854295
0.57935	-0.693595
