-17.3586	-9.36032
-17.4518	-17.8636
-16.3609	-16.1917
-18.6845	-17.6131
-18.1282	-13.5182
-16.8766	-15.5272
-16.9037	-18.1212
-16.6059	-12.2896
-16.4598	-11.3867
-16.6736	-14.7428
-18.9826	-15.6604
-17.7243	-12.433
-17.59	-14.0034
-16.9422	-15.2118
-15.7027	-9.65664
-3.69098	-8.60978
-2.81379	-10.4519
-0.953358	-9.6436
-1.53534	-12.2049
-1.59006	-10.8358
-2.29691	-9.79946
-2.30747	-9.24456
-3.16997	-7.81905
-2.99207	-9.15214
-3.09326	-8.46498
-3.09437	-8.13493
-3.71913	-8.42565
-4.08251	-8.34161
-4.69829	-7.92386
-4.82812	-9.00731
-4.41429	-10.1599
-5.22103	-9.40521
-5.33515	-9.89322
-5.92665	-8.53343
-5.77451	-8.88815
-5.68277	-9.415
-9.38294	-10.1066
-9.05129	-15.32
-10.8029	-14.3175
-11.7001	-12.7018
-11.5867	-12.3825
-10.8081	-13.739
-11.2729	-12.6511
-11.9624	-10.1856
-10.3526	-10.3145
-10.0335	-9.42511
-9.77969	-7.35681
-10.6735	-3.10868
-14.1081	-2.15186
-12.898	-3.01526
-13.4918	-1.57016
-15.4266	2.87283
-16.1492	3.20023
-15.9972	3.75623
-14.8377	2.75598
-14.4267	1.99078
-13.2716	1.89326
-11.3069	-0.806457
-4.93827	-0.825782
-4.4948	-0.598697
-4.16294	-2.25227
-3.70257	-3.04884
-4.77801	-3.36732
-4.26682	-3.78785
-4.81921	-5.05951
-5.61638	-6.27627
-5.68992	-6.25259
-7.31143	-7.79537
-8.43785	-13.3981
-8.0571	-14.6677
-8.51207	-13.9821
-8.92555	-12.9993
-9.11133	-12.5577
-9.89652	-10.2423
-10.5427	-7.33311
-9.55682	-2.92898
-8.81329	1.5766
-9.90493	4.60068
-9.63361	6.14736
-10.9069	3.96778
-10.4759	4.25706
-10.4669	2.391
-8.2125	-0.0447706
-7.86554	-2.25777
-8.37953	-3.11603
-9.49547	-4.47753
-9.69011	-6.81294
-9.23818	-7.98738
-7.61212	-8.20553
-3.20811	-8.53577
-2.53078	-4.56407
-1.3614	-5.92451
-0.968557	-5.75043
-0.0769971	-4.18452
-4.87998	-0.917409
-6.80813	-0.938276
-9.25276	-0.901719
-19.2931	1.56214
-16.7728	-5.19294
-18.3819	-5.45678
-18.3793	-1.82971
-13.5699	-3.33624
-16.6745	-10.3147
-14.5246	-10.873
-12.6076	-6.19139
-3.4261	-7.907
-2.32555	-10.0339
-4.31843	-9.77052
-14.6309	-2.1757
-11.4637	-7.8417
-6.86786	-12.0914
-5.39052	-12.0462
-3.7073	-9.77719
-1.78864	-8.16425
-2.20468	-5.27945
-4.83647	-0.198555
-7.50261	-1.71132
-13.8686	-7.81055
-17.4587	-6.96833
-18.3075	-6.68208
-20.3066	-6.15526
-22.8704	-2.32591
-25.4396	-4.54241
-27.5234	-0.930469
-27.0177	-4.13703
-25.0267	-6.25194
-25.4135	-2.10373
-20.4478	-5.40853
-19.0961	-2.13404
-17.5078	-9.6905
-17.3863	-12.3202
-21.2122	-13.729
-17.7327	-14.6254
-16.6909	-11.5148
-14.8873	-8.84901
-14.9945	-8.866
-12.5386	-3.27079
-10.3007	-9.28059
-10.0873	-7.54743
-11.2457	-9.58179
-7.50631	-3.38481
-4.68051	-3.45247
-17.3818	-3.91952
-13.1928	-7.20312
-11.0049	-10.859
-10.8464	-10.4961
-10.8853	-11.3339
-10.7659	-11.6144
-10.4742	-12.5232
-10.7502	-12.3554
-11.183	-11.2311
-11.0132	-12.9365
-9.08478	-16.6157
-8.8065	-19.1063
-8.26589	-21.6263
-6.68759	-22.2637
-5.08931	-23.3075
-6.11471	-23.0141
-4.29364	-22.7628
-2.52363	-21.3893
-2.77685	-11.2211
-3.25153	-8.61484
-4.97758	-7.95714
-3.65904	-7.81734
-5.54618	-9.8815
-6.64241	-10.553
-7.11542	-7.23634
-11.7993	-8.76692
-17.6596	-4.79718
-11.3511	-6.13765
-10.7602	-7.54684
-11.2012	-8.96952
-9.74684	-3.17626
-11.0183	-5.03934
-4.17482	-1.76559
-2.10162	-4.76297
-4.7952	-10.139
-6.52926	-13.7181
-4.38165	-16.9419
-7.74248	-14.4622
-3.73994	-15.7247
-6.631	-26.9938
-11.8811	-25.2629
-12.436	-20.2264
-9.19518	-15.37
-2.7167	-16.325
-5.19834	-16.6376
-4.25732	-16.9878
-6.87136	-15.2983
-7.14438	-13.2481
-7.74172	-12.2731
-9.76924	-10.9941
-10.6928	-12.9356
-11.4853	-10.9783
-13.3941	-14.6769
-16.6703	-16.0342
-17.872	-16.2735
-19.4481	-15.8238
-19.7215	-15.7583
-16.4043	-13.7271
-18.5864	-15.273
-18.7588	-15.4687
-17.3102	-13.1293
-17.4768	-15.3165
-19.5853	-15.7738
-13.7075	-9.84746
-20.9845	-7.07847
-21.3346	-10.0982
-17.8803	-17.7609
-19.4031	-17.0439
-17.03	-14.4328
-14.7994	-10.5756
-14.5797	-8.81557
-16.7769	-12.1697
-19.6024	-13.7986
-19.9028	-11.5378
-19.333	-15.4857
-20.3647	-14.1263
-15.6394	-2.10167
-8.5721	-10.9063
-9.00812	-11.1251
-7.29799	-8.48683
-10.7927	-7.2826
-9.12842	-12.1512
-8.11477	-15.1747
-9.38569	-14.3716
-9.57324	-15.3619
-10.6811	-15.0124
-10.1653	-15.656
-10.2675	-13.7756
-10.0767	-12.4227
-9.28237	-11.3136
-9.84697	-8.99964
-9.49304	-6.00221
-8.94067	-3.74012
-9.03528	-2.15491
-8.81718	-1.40807
-9.13167	-0.531258
-9.246	-0.322374
-10.7382	0.702651
-12.5745	2.66422
-13.429	1.32465
-14.4434	-0.417094
-15.2465	-2.9942
-15.7992	-6.14937
-15.1097	-9.57917
-13.3973	-11.8216
-10.5808	-12.4463
-7.82767	-11.7338
-7.13421	-11.1906
-6.8179	-9.89062
-6.84588	-11.4331
-4.88293	-15.9934
-3.66968	-18.8268
-6.54835	-12.7047
-11.9348	-14.8468
-7.10507	-16.6463
-5.90419	-18.9734
-7.67589	-14.3348
-8.20336	-17.4777
-9.17066	-18.6968
-11.3433	-17.5589
-12.2305	-16.1422
-13.2898	-16.203
-14.6236	-15.315
-14.526	-15.9834
-15.1223	-15.7561
-15.0032	-16.3173
-14.8128	-17.8328
-14.7528	-18.8089
-13.7162	-19.979
-13.13	-21.1376
-12.2203	-21.3841
-11.1841	-19.4539
-10.2741	-16.4414
-10.5651	-15.3582
-10.9463	-13.9912
-10.3128	-13.8287
-9.43525	-9.65761
-8.94193	-9.6186
-9.00327	-9.12879
-8.27243	-9.91462
-9.09687	-10.505
-9.41976	-10.17
-8.87689	-15.448
-11.6456	-14.6787
-11.7131	-13.9495
-11.0596	-13.6021
-9.80122	-13.5908
-8.93574	-9.56413
-6.24184	-9.22622
-5.73894	-9.05213
-5.24738	-8.00807
-4.0125	-6.93496
-2.78698	-6.8761
-4.99118	-7.73098
-4.06161	-7.01455
-6.33645	-5.17669
-11.016	-7.88057
-11.6339	-9.5426
-12.9273	-9.42209
-17.1005	-12.7498
-20.1145	-15.1674
-15.7134	-2.56441
-9.84703	-16.9705
-11.7196	-17.4763
-5.66917	-19.4664
-7.72751	-23.1331
0.118085	-14.9753
-4.32369	-9.35816
-5.98471	-7.88474
-5.02432	-7.43775
-7.20759	-5.1044
-17.8015	-14.5583
-10.877	-9.22659
-7.6611	-8.07748
-4.83808	-14.3277
-9.45366	-12.8506
-9.26762	-12.4634
-8.63112	-11.8358
-7.05486	-11.7455
-6.23186	-9.93013
-5.18384	-6.13019
-6.2349	-1.4953
-7.78641	-6.73715
-17.8057	-14.439
-18.1164	-14.0099
-13.8988	-12.2452
-12.0843	-11.8515
-6.51528	-14.7088
-5.91367	-14.4313
-6.60699	-14.7271
-4.94113	-7.41479
-5.70841	-2.20899
-10.3553	2.69382
-18.8128	2.14479
-21.2733	-0.584423
-24.8125	-2.45402
-28.0855	-3.52863
-26.436	-1.11266
-28.7036	-5.82121
-26.8397	-4.33652
-26.0965	-5.48975
-20.5049	-1.2638
-7.91258	-4.7046
-8.42186	-2.10241
-11.7664	-5.33816
-8.13348	-8.4022
-10.5794	-6.29883
-5.4432	-2.48081
-9.01075	2.73155
-15.149	2.12677
-20.966	-5.2231
-19.9938	-8.48049
-19.8941	-12.0829
-19.2231	-12.4889
-18.3767	-11.5952
-17.9423	-10.3028
-18.9389	-10.9792
-12.0267	-8.03804
-17.3654	-10.286
-14.1291	-9.32564
-5.57074	-16.1692
-4.46295	-20.9559
-2.57967	-19.597
-4.71546	-17.097
-7.58469	-10.4472
-6.21904	-9.22352
-5.04979	-9.25918
-5.29592	-8.44113
-5.77567	-4.35428
-5.92916	-0.0826017
-7.25201	1.26828
-8.64813	1.6665
-5.72375	-5.53927
-2.7905	-5.70047
-1.91276	-7.40542
-2.37464	-5.45353
-3.06794	-3.83337
-2.64424	-4.40752
-2.72826	-4.1495
-2.35146	-1.81479
-5.29739	-3.17639
-6.73923	-5.83034
-9.25826	-6.94067
-15.9251	-18.1406
-16.1998	-16.6079
-18.6556	-18.9374
-12.4112	-15.2759
-2.12342	-7.63258
-3.63528	-12.8828
-3.98868	-13.7732
-4.26908	-16.5802
-3.96043	-17.3469
-4.72807	-14.3266
-7.44311	-8.69383
-5.69474	-9.25007
-5.24437	-7.10974
-6.40067	-3.46152
-8.8678	-8.72055
-12.5353	-10.9065
-14.1234	-11.9529
-12.9618	-13.7981
-15.7344	-17.0046
-12.9265	-17.2451
-11.4642	-9.27557
-8.12812	-16.0475
-6.9211	-19.6961
-7.96624	-21.4781
-9.5658	-20.5853
-9.85987	-21.2576
-10.6276	-20.2459
-10.2348	-20.744
-9.8353	-20.3759
-8.27063	-19.7005
-6.70622	-17.8698
-6.42701	-8.36628
-5.72728	-8.28524
-4.34551	-7.37343
-2.96464	-7.96309
-2.17404	-6.69723
-1.61555	-8.28211
-2.5103	-8.79904
-3.72219	-6.28249
-3.08922	-0.828025
-5.50205	-6.55915
-9.45239	-6.93761
-8.86583	-4.93896
-7.38893	-2.28288
-7.93693	-3.97751
-18.6427	-11.4858
-19.8142	-15.5522
-18.1986	-14.2104
-18.1294	-14.262
-19.9745	-13.4734
-18.6818	-15.0101
-19.136	-14.8234
-17.1384	-15.1849
-15.3931	-13.2906
-16.6334	-14.3385
-17.6952	-13.9871
-13.7614	-4.79261
-12.2238	-8.63677
-10.6363	-6.62597
-8.93281	-4.41189
-7.94664	-3.52224
-7.57212	-1.21242
-10.034	3.11669
-13.02	0.098695
-14.838	-2.84665
-19.0579	-2.00483
-21.1255	-8.80659
-23.2022	-9.15021
-23.1616	-7.16568
-22.4013	-8.48453
-21.3654	-6.81142
-20.2309	-7.2486
-19.4493	-8.01035
-21.3389	-11.8733
-21.1609	-10.8769
-18.9904	-13.3106
-9.64333	-10.1603
-5.24126	-17.7625
-7.07178	-19.2379
-7.07197	-19.9638
-6.41618	-19.8897
-4.28383	-16.8615
-2.3575	-12.83
-9.12413	-2.07036
-15.4357	-2.5888
-19.4328	-6.1188
-22.6236	-5.48113
-21.6981	-5.32481
-23.1991	-7.01722
-19.5779	-5.58049
-7.14176	-0.724824
-8.17793	-5.60071
-9.15354	-7.74146
-10.5456	-6.30533
-8.15524	-7.56393
-8.37347	-10.2379
-8.51111	-11.954
-6.78618	-12.9957
-6.59624	-12.0531
-5.51222	-10.2904
-4.58566	-10.5085
-4.39868	-10.9904
-7.38755	-16.7108
-7.26793	-20.4326
-7.396	-20.7122
-7.18057	-19.1923
-6.03755	-18.1424
-4.6891	-15.4333
-2.82068	-11.9139
-3.28655	-11.1901
-7.53583	-8.26616
-8.44124	-8.45909
-9.52406	-14.1668
-6.65977	-15.5589
-4.11644	-8.39697
-0.771752	-10.557
-0.887486	-13.0501
-1.72913	-12.3179
-1.82752	-11.5142
-1.55148	-10.8582
-0.728914	-9.27363
0.625607	-9.68983
-0.622145	-5.51923
-3.5025	-7.73881
-12.652	-4.23854
-18.9014	-10.7641
-22.1643	-11.1745
-23.9676	-14.0241
-24.0795	-10.5836
-24.053	-13.724
-25.66	-12.6089
-17.5103	-7.22832
-18.8016	-10.7803
-12.1989	-1.64641
-9.66654	-0.704485
-10.0794	-2.43372
-10.4892	-4.10765
-10.8274	-3.38608
-9.2023	-4.52211
-6.90119	-6.28551
-4.7648	-7.9939
-2.24561	-8.6766
-0.910265	-9.71584
-1.23672	-8.24324
1.38167	-9.01242
-0.408534	-7.98221
-0.65933	-7.75613
-2.33218	-9.8832
-3.4923	-10.2162
-5.56989	-11.3085
-7.21104	-12.0899
-6.79128	-11.1398
-9.74865	-1.69335
-16.8605	-2.66493
-12.2112	-3.357
-7.35679	-11.3295
-8.41552	-17.596
-8.04887	-20.0176
-11.5542	-18.1232
-10.2844	-20.1353
-11.8237	-17.8996
-11.7559	-16.0266
-12.1877	-13.0337
-11.8215	-9.14325
-12.2841	-4.30325
-12.8917	1.38984
-13.7387	4.4123
-13.9516	6.58944
-13.6446	7.74358
-11.3545	5.21463
-9.53576	3.89098
-8.97755	1.28142
-7.56098	2.40628
-7.48809	1.81056
-6.3461	-0.00435966
-6.89676	-1.21923
-6.78768	-1.1483
-7.33224	-1.89224
-8.02855	-2.19494
-10.5159	0.280665
-16.896	-0.400742
-23.0415	-8.24024
-25.1519	-6.11229
-24.1256	-4.85033
-27.081	-8.74779
-27.2329	-9.37494
-27.1575	-8.97727
-27.0257	-5.97753
-24.25	-6.21795
-21.8815	-8.13351
-16.7839	-6.71748
-12.6882	-10.0118
-8.04944	-12.0114
-6.91851	-18.2161
-8.32373	-19.7645
-10.6221	-19.5451
-9.73942	-19.0351
-10.0757	-21.6536
-4.80135	-19.0012
-8.84673	-24.3752
-5.7097	-19.5393
-5.59567	-22.4989
-3.05168	-23.9277
-4.14023	-18.346
-2.95543	-15.8828
-3.12492	-12.4135
-2.80872	-11.5669
-4.82496	-7.53269
-6.77955	-3.98501
-8.37354	-7.68824
-10.5938	-7.9068
-11.5827	-9.80198
-14.5154	-14.1647
-16.5534	-12.2512
-15.8622	-12.6021
-16.131	-15.1854
-17.3	-12.4583
-19.3173	-15.2172
-16.4183	-14.3936
-19.5286	-18.0128
-13.808	-10.2382
-16.9332	-15.612
-17.0441	-14.0395
-20.2722	-18.393
-18.1261	-17.8622
-17.9659	-15.5593
-17.3397	-13.6354
-16.8057	-15.4838
-14.2324	-15.069
-9.80931	-6.99076
-1.42949	-1.87899
-2.585	-0.712521
-2.68087	-0.071213
-2.43723	-3.15119
-1.42229	-1.87366
-2.47008	0.28871
-10.7826	-3.74813
-9.22177	0.445511
-9.07793	5.03302
-8.80597	1.64296
-8.78511	1.55266
-8.28657	3.369
-7.11961	3.47997
-10.1121	3.75702
-13.6759	-1.4788
-16.8755	-2.30155
-19.2844	-4.25565
-21.7072	-9.94572
-23.597	-7.34433
-21.8462	-8.42577
-23.6166	-8.65201
-22.9659	-8.17355
-24.8901	-11.6902
-21.8309	-10.4189
-13.1803	-4.76758
-9.48513	-6.64381
-7.87493	-10.8744
-8.66139	-11.3584
-9.03222	-12.7579
-9.9309	-12.7073
-10.3847	-12.1746
-9.96168	-11.8685
-9.51618	-10.34
-7.47464	-8.96743
-4.0238	-9.27872
-4.43305	-9.74151
-3.57123	-9.42992
-3.37107	-9.34123
-3.10156	-8.9389
-3.46235	-7.7081
-2.86755	-7.81721
-3.07385	-7.25354
-1.60671	-5.82624
-2.26796	-5.71847
-5.97605	0.800529
-12.2979	5.55397
-5.35124	2.29814
-18.7222	-4.87263
-16.6952	2.43022
-13.2773	4.34332
-12.5512	-1.70341
-11.8914	0.253017
-13.8967	0.957879
-15.2639	2.18863
-14.6933	-5.01582
-9.25248	-7.6851
-13.3397	-15.6554
-12.8494	-18.4285
-11.8843	-20.37
-10.8992	-21.9476
-9.82143	-23.7636
-8.02619	-23.9407
-5.95302	-23.2776
-4.59578	-17.0089
-8.97474	-6.91597
-18.0343	-9.12497
-22.763	-10.2562
-25.8213	-8.7965
-24.8711	-14.9905
-23.3053	-7.84874
-24.3042	-9.00737
-24.2894	-9.7474
-9.06948	-5.00288
-14.0449	-2.79402
-16.0195	0.679428
-16.006	1.86973
-15.0335	1.72073
-10.8215	4.22047
-5.8358	-2.54577
-8.44153	-3.21285
-12.451	-7.7923
-15.9637	-7.69804
-17.2803	-9.13798
-17.0967	-14.041
-15.0875	-9.83902
-10.5959	-15.7407
-8.39803	-19.4215
-7.92973	-21.8565
-7.45625	-22.997
-6.31353	-19.4253
-4.72603	-15.4088
-6.23166	-12.3845
-7.02396	-10.7266
-6.46637	-11.649
-4.99125	-11.1202
-5.70073	-10.2086
-5.35505	-9.66525
-5.42134	-9.40884
-3.97653	-10.456
-3.32794	-9.66481
-1.33998	-10.8108
-3.21815	-8.88929
-2.84593	-9.63114
-3.05414	-8.90744
-3.65875	-9.44887
-3.45051	-9.21031
-4.71238	-4.13425
-4.24551	-2.53943
-3.58016	-0.944179
-2.25392	0.180757
-2.63168	-2.89226
-2.65414	-3.09546
-3.6326	-1.02238
-3.96769	-4.0081
-8.36859	-1.76725
-6.98798	-5.67661
-10.4345	-6.18506
-27.9902	-13.9277
-25.3834	-6.55303
-20.1536	-9.5084
-17.0475	-5.68898
-14.6854	-3.28895
-7.65911	2.87306
-12.8698	-1.19581
-10.8187	-5.69572
-8.20496	-10.9966
-9.46269	-9.37426
-10.6855	-8.3703
-10.9614	-5.78471
-9.53529	0.0761593
-9.20157	-3.99909
-11.0036	-6.6636
-13.3953	-10.5496
-14.6513	-10.2257
-13.9633	-11.3758
-15.6614	-14.6401
-14.5123	-13.3949
-14.2466	-11.2359
-20.5965	-15.3473
-16.8112	-12.3652
-14.9382	-12.0221
-8.19381	-13.8751
-7.70384	-16.8156
-7.86116	-18.9988
-8.2434	-19.1185
-6.42612	-19.793
-2.9086	-18.1227
-3.31737	-10.9405
-6.90838	-4.72475
-16.1231	-4.4162
-21.2525	-10.9206
-20.5551	-11.8933
-20.7574	-10.2007
-19.8264	-10.551
-20.3173	-11.5972
-17.8243	-11.8817
-20.6485	-9.57403
-19.8129	-8.6782
-21.9051	-9.53681
-21.0735	-2.88128
-22.1425	-3.5121
-21.612	-4.54469
-16.1788	-4.97941
-6.90193	-9.92972
-7.98624	-10.1146
-14.4738	-13.6217
-10.6739	-6.36339
-2.63233	-12.8831
-1.60155	-14.9333
-0.224939	-14.1512
0.0768356	-11.9544
-0.972923	-10.0673
0.544894	-10.386
1.00445	-9.68213
-0.119808	-10.2817
-0.345933	-11.0154
-1.44789	-11.8996
-2.68499	-13.8738
-3.84323	-16.5754
-5.32354	-18.4888
-7.50651	-19.6878
-7.72153	-22.0211
-8.00964	-23.4836
-5.10137	-17.9321
-6.02069	-22.8919
-5.1727	-19.9423
-5.69008	-20.7158
-5.33435	-20.883
-4.95468	-21.3378
-5.06594	-19.4139
-5.39102	-17.4707
-5.41088	-14.2817
-6.21111	-12.3679
-9.10055	-12.7658
-12.8483	-15.9888
-14.9729	-15.5487
-12.0331	-12.0186
-12.9178	-14.1355
-15.7624	-14.7275
-13.7461	-15.4123
-16.8815	-14.1788
-19.4454	-12.9361
-19.5811	-15.6342
-21.7923	-12.5131
-23.5331	-11.1521
-24.3232	-10.5917
-21.9513	-11.321
-23.1936	-13.203
-21.5092	-12.463
-21.9983	-11.3567
-25.6177	-12.5837
-24.1451	-9.80986
-21.2923	-11.1987
-18.5071	-8.09991
-19.8774	-7.07912
-20.1443	-10.1226
-21.0223	-9.72629
-17.6077	-8.89309
-17.1964	-15.9402
-17.906	-16.2985
-20.0869	-17.4112
-17.3083	-13.1986
-17.7939	-15.3945
-16.74	-12.4554
-18.5991	-11.5321
-17.3019	-15.1601
-17.1302	-15.1009
-19.2614	-14.3227
-15.829	-14.5672
-17.2094	-14.2685
-13.2522	-8.23944
-18.1169	-15.31
-19.0434	-17.1542
-17.6412	-13.5757
-18.1058	-14.6037
-18.059	-16.3809
-16.6264	-11.2799
-17.1522	-15.1493
-18.0683	-16.9843
-20.2207	-15.8586
-17.0464	-15.3779
-12.1324	-7.4153
-3.01282	-2.03025
-1.55624	-0.489577
-3.08092	-2.42074
-8.39987	-0.599717
-11.2698	-6.81745
-6.41632	-10.8164
-6.69209	-10.7088
-5.78832	-10.8929
-5.46073	-10.0485
-5.557	-10.1312
-5.01319	-7.42678
-4.33454	-6.06402
-5.60327	-3.21121
-7.83135	-4.08777
-11.7552	-2.92484
-13.6938	-6.45711
-16.843	-3.16497
-16.3792	-5.66428
-17.376	-5.85022
-16.6827	-5.24133
-18.3658	-6.58972
-14.7159	-6.20846
-7.58815	-5.96481
-4.41171	-10.3628
-3.78787	-13.1976
-4.67154	-15.6812
-5.90642	-18.0824
-6.70467	-19.3725
-7.2504	-20.8174
-6.24411	-21.7984
-6.42241	-19.4367
-4.28154	-19.7516
-3.97026	-15.6076
-3.03294	-11.6939
-2.23674	-6.79363
-4.38416	-7.00795
-1.08466	-6.29242
-1.14469	-4.10564
-0.411385	-4.95431
-1.53719	-1.82437
-6.72189	3.81845
-12.0224	4.96735
-14.8029	5.96525
-11.9247	1.19619
-7.99361	-4.08622
-5.0303	-5.61115
-5.4465	-7.72936
-4.90845	-8.64823
-4.60245	-9.3626
-3.95385	-9.99105
-4.6754	-9.06933
-3.85617	-9.05555
-4.17463	-6.52267
-5.21147	-3.77124
-9.61173	-3.4235
-17.3006	-5.28237
-20.453	-8.96278
-22.8276	-11.7196
-23.0724	-7.75102
-28.0181	-8.96489
-24.6895	-7.13019
-21.2098	-3.15663
-19.7891	-3.10078
-21.1393	-6.74301
-20.892	-10.6889
-17.3255	-10.1183
-17.3275	-12.2715
-17.7369	-12.723
-8.24596	-4.81845
-12.5827	-8.79615
-8.58987	-13.6227
-11.0994	-8.11228
-13.0182	-7.67137
-12.3969	-8.6472
-10.3523	-12.3881
-10.1461	-11.8851
-10.6463	-10.2406
-10.3379	-9.23169
-9.56941	-7.12885
-8.27124	-5.87192
-7.10913	-4.34497
-6.3633	-2.70022
-7.60672	-1.06864
-7.27289	-0.970598
-8.5947	-0.223757
-9.13336	0.372522
-9.02165	3.30937
-7.83433	-0.471474
-7.71463	-1.89204
-9.19916	-0.90799
-6.74778	-5.77684
-4.61423	-6.01577
-2.46127	-12.5344
-3.22009	-13.2033
-4.23303	-14.8511
-3.34014	-16.9267
-2.90666	-19.1076
-3.17685	-21.7504
-2.23663	-23.5186
-3.3812	-19.9859
1.30891	-21.5994
1.88816	-14.7923
1.56573	-11.3643
1.03424	-10.0929
0.44207	-10.433
-0.213062	-10.0894
0.533844	-7.75931
-0.504093	-7.79122
0.9088	-8.45719
0.591731	-12.2325
-2.9985	-17.1443
-4.5062	-20.2402
-6.50613	-21.1932
-6.82494	-22.4036
-8.37018	-20.1386
-9.55888	-15.6757
-7.28702	-15.0121
-3.17613	-8.89095
-2.58334	-8.05153
-1.11701	-9.10597
-3.49289	-7.58375
-3.72721	-6.12728
-3.45758	-7.64088
-5.14158	-8.64975
-7.85097	-9.71456
-7.86023	-11.9472
-8.82175	-15.0951
-8.73414	-17.612
-8.86233	-13.9857
-5.24898	-15.1797
-6.41555	-14.7025
-4.3118	-17.6668
-4.4278	-19.5168
-6.56959	-16.6288
-7.13241	-15.8311
-9.13628	-17.1594
-8.91828	-16.3429
-11.793	-17.5421
-10.9369	-15.1394
-18.188	-11.1898
-15.7547	-13.2406
-15.1241	-14.2636
-16.1811	-15.2818
-17.1818	-14.9964
-16.3406	-14.1598
-17.3707	-17.6204
-19.3063	-14.8342
-18.5231	-13.078
-19.9986	-16.932
-17.1924	-13.6498
-17.379	-17.1239
-17.3277	-16.5478
-18.7828	-17.6901
-16.9881	-12.3469
-18.4644	-15.068
-18.0442	-12.3528
-16.612	-15.3444
-19.3059	-15.7856
-18.3579	-15.7788
-20.6264	-17.3881
-20.0589	-13.616
-19.5088	-15.1572
-18.8054	-15.946
-19.5442	-13.8913
-19.0471	-15.3887
-13.5814	-9.09131
-24.2163	-10.5183
-22.5818	-10.8444
-18.5253	-10.4224
-14.5784	-9.28346
-2.90636	-9.06118
-1.33261	-9.26657
-3.48285	-8.23369
-1.93947	-10.6837
-2.07749	-11.591
-3.00981	-12.4927
-3.69322	-11.5748
-3.37704	-12.1732
-4.01927	-11.8448
-5.14511	-10.4059
-6.15294	-7.4968
-6.78186	-6.14669
-6.52213	-5.76454
-6.17434	-5.7029
-6.00374	-5.21669
-5.24768	-5.39959
-5.0117	-5.57571
-4.15861	-4.31085
-6.86062	-4.33194
-8.54356	-13.0216
-10.199	-13.6706
-12.0845	-10.7468
-12.504	-6.19716
-12.2535	-11.0247
-11.7203	-15.6501
-13.009	-16.6466
-13.3992	-17.6841
-12.4999	-19.7085
-12.3491	-20.8922
-11.9443	-22.4685
-12.0463	-21.1945
-11.6838	-21.1406
-11.3631	-19.8035
-9.33163	-18.1412
-6.22552	-14.1292
-3.83354	-10.7887
-4.15419	-7.99949
-6.27006	-12.7573
-10.2761	-13.171
-12.617	-13.5543
-12.6611	-16.0864
-16.7156	-21.172
-15.5375	-18.1396
-16.521	-17.4105
-18.9338	-17.3967
-12.7694	-12.7743
-7.39971	-13.1644
-6.37212	-17.4411
-9.27587	-14.3594
-8.46731	-9.23025
-7.86421	-15.0552
-9.69719	-15.3953
-9.18776	-19.0702
-9.26597	-20.4509
-9.51007	-22.8154
-10.2185	-21.9837
-11.3543	-21.133
-6.83787	-26.0466
-5.19759	-18.8944
-6.0562	-23.9845
-4.8681	-20.0243
-5.08014	-16.7483
-5.40384	-14.759
-4.04001	-13.0221
-7.49383	-11.5326
-12.568	-16.1473
-11.8731	-16.3697
-11.6528	-15.9652
-14.6239	-14.2167
-14.2365	-16.1203
-19.1787	-13.4919
-17.401	-12.1002
-16.5246	-10.2188
-20.2809	-5.73023
-19.5477	-6.25762
-14.8096	-0.0383995
-10.8723	5.2275
-11.4707	4.25355
-8.29366	-0.162467
-8.87335	-1.33794
-9.40138	-3.23536
-10.2231	-5.00707
-11.8252	-4.73961
-12.2822	-4.7443
-11.6664	-5.79682
-11.3472	-6.62717
-9.55715	-8.67093
-8.79793	-11.7619
-6.50678	-15.1036
-6.11958	-15.4191
-4.7992	-15.5526
-6.00151	-13.542
-4.38591	-11.7187
-2.79616	-6.50844
-4.43036	-7.17113
-10.0973	-4.3896
-16.6483	-8.59545
-20.235	-8.9845
-23.3486	-14.1396
-23.6632	-12.3847
-23.6487	-11.6718
-24.4044	-9.26394
-23.7767	-10.4223
-21.9846	-11.0091
-20.6174	-11.2005
-16.082	-14.094
-11.2059	-9.07323
-7.49389	-11.1102
-8.51169	-13.3168
-9.97285	-13.0338
-8.82342	-14.0889
-8.93845	-14.4433
-6.83078	-14.2806
-7.84156	-12.2392
-11.0101	-3.30872
-10.7872	-2.81227
-8.47177	-5.56865
-2.71958	-9.62093
-2.15387	-7.2098
-8.79178	-8.33942
-11.6259	-12.1823
-12.2747	-12.2892
-15.0388	-12.8334
-14.126	-13.0227
-17.2415	-14.1277
-17.2206	-15.0062
-18.3543	-17.3327
-18.144	-18.3464
-18.5291	-16.5825
-15.2405	-17.1581
-9.84043	-12.041
-6.70004	-12.77
-6.85191	-16.3838
-6.77096	-19.9044
-7.31742	-22.9175
-7.83819	-21.9572
-7.34529	-23.0736
-7.46124	-22.3432
-7.06965	-22.7464
-7.49878	-22.3255
-6.77625	-22.4308
-6.43857	-18.3182
-6.54132	-7.6149
-7.93688	-0.413491
-11.2606	1.19418
-10.5606	-0.19346
-9.44712	-5.16869
-9.89448	-3.87889
-11.5014	-0.506355
-13.1661	1.14345
-8.71652	3.35415
-10.4705	3.87231
-8.16643	6.88099
-7.69006	6.02934
-7.37539	4.6998
-8.46896	4.87736
-7.39226	4.40923
-7.51529	-3.37183
-12.6764	-7.70161
-15.2731	-10.785
-15.7299	-13.5886
-17.3639	-12.4188
-16.5084	-12.6907
-18.7118	-15.0983
-17.7881	-11.0658
-19.3113	-15.4779
-17.2078	-14.6727
-17.9806	-16.1787
-19.0524	-14.2506
-16.8055	-15.5743
-17.3063	-16.6524
-16.1188	-15.0627
-14.9998	-14.4724
-15.096	-11.5156
-17.9445	-10.689
-15.5163	-14.3327
-13.3874	-10.5914
-16.2701	-11.0374
-20.059	-16.7995
-17.0579	-12.9583
-17.5904	-15.756
-18.339	-16.7225
-17.6104	-13.598
-18.205	-15.3792
-19.5579	-14.3507
-19.5634	-15.636
-18.0752	-15.4836
-18.4167	-14.2488
-13.7653	-9.17862
-18.972	-13.0615
-18.6048	-17.1287
-18.0664	-13.7068
-18.9888	-15.6048
-17.9725	-15.6641
-17.6968	-12.443
-18.759	-14.798
-15.0503	-10.9808
-9.42112	-8.64942
-6.55152	-7.86552
-9.58807	-12.6606
-16.3002	-16.0685
-13.5456	-14.9882
-10.47	-18.4484
-14.1826	-21.6675
-14.727	-16.9565
-13.7768	-13.2275
-10.6156	-11.3716
-8.37036	-8.87865
-7.54008	-6.76598
-9.12143	-5.92941
-10.3404	-8.6096
-12.9784	-13.2899
-14.215	-14.2551
-22.8649	-19.5833
-19.8289	-16.3517
-8.58705	-0.541579
-9.98345	-4.11428
-10.1568	-3.94699
-9.52366	-5.10401
-9.10626	-5.55274
-8.24224	-6.2226
-6.2606	-6.47055
-4.33207	-5.76784
-4.59266	-3.58954
-7.19976	-4.86102
-9.63801	-3.39976
-16.1609	-6.93512
-16.705	-12.3218
-15.6281	-14.6276
-7.14888	-6.46873
-7.92931	-11.1924
-8.5878	-10.0057
-7.88587	-9.9882
-8.19048	-9.72272
-7.92044	-8.70343
-6.58845	-7.10768
-6.09165	-5.0441
-5.61711	0.00156039
-8.52662	1.11911
-11.4494	3.74382
-13.9409	3.25052
-11.3573	-0.433086
-11.7069	-14.4396
-19.473	-4.23914
-14.6595	-0.358484
-9.99374	0.391564
-3.23599	-1.65663
-3.14707	-3.26899
-2.87558	-3.46425
-2.39731	-2.82429
-5.90938	2.05617
-2.66313	-2.54605
-2.1444	-4.0602
-1.55884	-5.02959
-1.81748	-5.41803
-2.49984	-4.07618
-2.15356	-3.89181
-1.68954	-5.14344
-0.722424	-4.91403
-0.618434	-4.95833
-0.113778	-3.77773
-3.35544	0.382206
-5.78475	-0.859436
-10.7418	1.49029
-16.1752	-4.78761
-18.9261	-2.43901
-20.0389	-5.91698
-22.7329	-4.17147
-24.1306	-3.31441
-22.2676	-8.28874
-21.3159	-8.66126
-21.7043	-4.64347
-17.4079	-3.3193
-9.69135	1.50833
-10.8388	1.75168
-8.96316	2.09078
-9.59332	2.18891
-10.7241	1.75986
-11.1663	1.58961
-11.5423	2.7391
-11.5585	1.70208
-10.8783	1.13717
-10.7231	0.751273
-10.8042	-1.65241
-10.858	-3.81152
-10.956	-6.27599
-12.2507	-7.58421
-13.2889	-7.97637
-13.4836	-9.14449
-13.4571	-10.6006
-12.9543	-11.396
-12.4444	-11.892
-11.0764	-12.038
-9.07636	-12.1066
-7.61402	-7.82444
-5.69426	-9.02538
-6.24533	-8.53052
-7.08985	-7.55465
-6.41752	-9.04049
-6.28506	-8.8005
-5.62746	-9.58563
-6.40958	-9.52425
-5.65154	-10.9138
-6.09733	-10.0706
-5.18453	-10.8802
-5.06253	-11.5741
-9.32487	-11.7514
-9.20808	-12.44
-7.6919	-12.4901
-6.79136	-11.5841
-5.10392	-11.0032
-3.60317	-9.48476
-3.24627	-5.95092
-3.50976	-2.43556
-6.68197	-1.1881
-10.6151	0.381087
-12.7398	-0.783196
-15.3935	2.86746
-13.1696	0.32143
-10.4638	0.156555
-8.70074	-3.07111
-7.86101	-5.24604
-8.57481	-5.10266
-9.76571	-4.33904
-9.27594	-6.10341
-9.39116	-7.09266
-8.48722	-8.17754
-8.92374	0.0684796
-14.044	2.78911
-9.09338	-6.566
-7.86726	-10.893
-7.3832	-12.6205
-6.90569	-12.0694
-6.16282	-13.3008
-5.68773	-12.9605
-4.23551	-13.6019
-4.82936	-13.062
-4.63768	-13.644
-4.5572	-14.4246
-4.30653	-14.3193
-4.04682	-13.4555
-4.77888	-12.7561
-4.72031	-14.086
-5.82366	-14.5392
-6.20395	-15.5857
-7.25463	-15.7905
-8.62464	-15.7583
-9.03907	-16.2769
-8.53578	-17.2233
-8.15962	-18.1898
-7.70193	-16.9766
-5.52173	-17.7757
-4.30021	-16.4459
-3.13776	-13.5838
-3.33162	-9.43204
-8.48602	-2.85513
-14.6442	-4.45603
-16.7093	-2.57505
-17.7343	-2.54663
-22.8787	-4.66667
-23.6034	-6.32702
-22.415	-9.57547
-21.8164	-6.5469
-19.9551	-11.2845
-12.7401	-6.19758
-4.95449	-5.91073
-1.24902	-11.1554
-3.78697	-13.2623
-3.42234	-13.4941
-3.78891	-11.7952
-3.41013	-11.3639
-4.38546	-9.26144
-4.15387	-8.49799
-4.40774	-6.40317
-4.55359	-5.56962
-5.0801	-5.88299
-6.13541	-3.22125
-7.79021	-3.8693
-8.47458	-6.57607
-13.2464	-8.5895
-15.098	-14.5671
-14.67	-17.6473
-18.2721	-14.3252
-17.552	-14.5769
-11.2828	-0.0540496
-9.17503	-1.8209
-8.96559	-1.89035
-6.85297	-4.48828
-3.72481	-5.98707
-3.7352	-6.04727
-2.92652	-7.38852
-2.3192	-6.87214
-2.14911	-5.43634
-1.50308	-6.16985
-0.784527	-4.37697
-1.49783	-2.28166
-9.28001	-1.50205
-17.1121	1.56651
-18.3774	-2.62637
-20.5053	-8.33186
-22.1145	-8.56346
-21.0135	-8.4992
-22.1768	-8.88885
-21.6441	-9.94147
-20.3531	-10.7841
-18.7375	-13.7771
-17.0793	-11.0183
-17.5963	-13.4584
-16.3396	-12.5359
-13.373	-8.04195
-5.7104	-11.6241
-13.8526	-5.38168
-22.6789	0.412855
-21.2521	4.4614
-13.9131	5.95409
-10.202	-7.42527
-9.76849	-9.14948
-9.24294	-9.31425
-7.41837	-6.96393
-7.24901	-5.22597
-10.832	-0.99395
-16.2227	-0.631261
-17.9731	-5.83627
-22.5387	-10.3412
-22.1863	-6.74456
-21.3752	-8.94529
-21.3302	-9.10037
-18.9442	-13.1642
-15.6186	-14.5417
-13.2983	-17.378
-14.8087	-20.4198
-14.8025	-16.5293
-10.6433	-13.5758
-8.09908	-16.5572
-9.22014	-21.4863
-6.26107	-15.7267
-9.49221	-22.2959
-4.36833	-18.3485
-7.29456	-22.9489
-10.4244	-15.5522
-10.1457	-7.86066
-3.37745	-14.5054
-5.30883	-19.7962
-7.08174	-12.0563
-3.35462	-6.81387
-6.3804	-8.43525
-6.14187	-7.82938
-4.37336	-5.42262
-5.09214	-5.43241
-3.19246	-4.91093
-3.48881	-4.9623
-3.83976	-3.84619
-3.61458	-4.33853
-3.5516	-1.31888
-5.33876	-6.03116
-7.25516	-4.70132
-9.38929	0.849779
-12.0048	-6.54484
-19.0128	-10.5922
-19.086	-5.20385
-24.3501	-3.76141
-25.3392	-7.21405
-23.7625	-4.2719
-24.2462	-7.8281
-24.2804	-6.73513
-24.3681	-7.0455
-22.8946	-6.01544
-25.4554	-3.37414
-23.3801	-3.70995
-22.6274	-8.75532
-21.9232	-13.5098
-17.037	-10.8346
-18.3266	-17.1397
-17.0262	-15.9735
-17.3299	-16.0863
-18.1331	-14.0524
-17.5287	-14.417
-18.4865	-13.0915
-18.1111	-13.6539
-19.6725	-15.1985
-18.4972	-12.7017
-20.2852	-11.2812
-20.2767	-16.7093
-17.4587	-10.2891
-18.4939	-14.6556
-16.6295	-15.7714
-17.6368	-15.3005
-17.8952	-13.5843
-15.5316	-14.1272
-17.6649	-14.051
-18.3008	-14.9378
-17.2079	-11.4322
-17.7851	-13.7808
-17.3792	-12.7846
-12.8495	-8.65388
-6.84922	-0.34731
-8.19078	-2.89674
-10.6932	5.80125
-12.2805	8.84789
-12.9241	10.1802
-12.4627	10.9634
-12.6345	8.17058
-13.9538	7.9102
-11.9062	5.02267
-14.015	2.60975
-13.6854	-2.09579
-11.8678	-9.09723
-10.8082	-12.9974
-9.94574	-16.0804
-8.12573	-17.6985
-5.34897	-18.3327
-4.13995	-14.6945
-5.85546	-8.60825
-5.06425	-8.95922
-5.58504	-9.50554
-5.80362	-9.82071
-5.79102	-10.0123
-6.73057	-9.77432
-2.37364	-19.6979
-4.27086	-17.7057
-4.51605	-17.2311
-4.52376	-15.7208
-3.94081	-14.8885
-3.85051	-13.8231
-2.77239	-12.6026
-2.14445	-8.44488
-1.93649	-4.33089
-4.36371	-5.82313
-4.92366	-9.83751
-7.74529	-7.85917
-10.4042	-13.3278
-22.2007	-7.99707
-22.653	-15.7912
-17.7926	-17.1408
-15.9236	-8.19093
-5.07962	-9.34361
-7.03417	-10.2272
-8.40957	-9.19072
-8.50371	-9.1139
-8.00255	-8.20763
-6.97649	-6.81362
-5.59879	-5.2704
-4.22354	-5.70606
-8.31006	-7.72337
-9.82111	-9.80896
-15.2976	-6.09287
-16.5963	-8.02532
-20.1091	-16.8551
-12.9642	-15.2259
-11.3363	-10.1523
-7.53762	-16.1872
-6.18709	-18.305
-9.94476	-17.6034
-10.1961	-17.6452
-10.3318	-17.573
-9.63112	-16.1543
-9.93715	-14.9387
-10.8442	-14.6968
-9.54571	-16.1453
-8.00399	-16.5886
-6.83522	-15.3106
-4.45741	-13.5684
-4.00343	-10.7269
-3.80175	-11.4739
-4.74073	-11.3747
-5.231	-10.6217
-6.10407	-9.56517
-6.29848	-10.0071
-5.78099	-11.0458
-6.73495	-9.87385
-6.51696	-10.5519
-7.18206	-9.67894
-7.06545	-8.89102
-7.19673	-8.50907
-6.81927	-7.73337
-6.38398	-9.58322
-4.94424	-10.7303
-4.87541	-12.4272
-4.99907	-12.5174
-5.64502	-11.8719
-5.8864	-12.0143
-5.8512	-12.1062
-5.74331	-11.9875
-5.69283	-11.9518
-5.23117	-11.102
-4.10684	-9.05246
-2.88825	-6.76765
-2.09404	-5.9407
-2.49666	-6.92573
-3.78558	-4.59455
-4.30052	-7.68991
-6.55365	-7.89292
-6.60199	-5.3103
-5.77134	-3.21248
-4.78194	-8.42711
-5.82116	-10.1118
-6.55722	-12.8147
-6.5668	-14.9993
-8.3727	-12.9179
-9.01907	-11.0422
-8.69803	-10.3908
-9.28289	-11.8419
-10.336	-13.0324
-10.5784	-14.2013
-8.82938	-16.4812
-7.84471	-16.5838
-8.38913	-17.238
-4.41212	-18.1795
-2.69882	-15.1223
-6.38856	-16.34
-4.38063	-15.8622
-6.42766	-16.5839
-8.31441	-17.4007
-5.80826	-18.3885
-9.34441	-19.4375
-4.37943	-16.9935
-10.0837	-17.8478
-6.5458	-14.3673
-10.5754	-14.2552
-6.4323	-15.0769
-8.5921	-14.028
-8.61334	-16.5918
-9.55393	-17.8254
-9.00823	-19.2346
-9.44104	-18.4562
-7.67795	-19.5764
-5.41805	-21.3493
-3.54592	-21.8383
-3.6216	-18.8332
-3.58807	-13.466
-5.01817	-8.11009
-3.058	-7.66321
-2.31412	-7.85634
-2.6025	-4.89075
-2.13542	-3.9477
-1.23449	-3.17392
-3.37545	-2.26364
-5.97784	-3.33622
-10.188	-0.445964
-19.2475	-2.94111
-21.3818	-6.61698
-24.8605	-10.7955
-22.7458	-8.95046
-22.5418	-7.34492
-22.8408	-8.08726
-22.8375	-7.14564
-22.5432	-7.14315
-22.071	-5.97974
-19.1095	-8.54527
-13.7739	-1.61307
-5.31577	0.715441
-9.27633	-4.55414
-11.7187	-2.23963
-9.8288	-5.00541
-9.68135	-7.08382
-9.85111	-10.5104
-6.6945	-10.3997
-7.48046	-13.9465
-3.60028	-7.52905
-4.89638	-4.71257
-10.9836	-4.86473
-16.2271	-9.1608
-19.1389	-8.11283
-21.6854	-9.37203
-23.6408	-9.267
-25.2417	-13.5759
-24.5725	-12.3044
-18.9993	-11.9445
-13.9492	-14.4611
-15.9727	-14.5598
-16.1729	-12.4628
-16.8276	-13.7481
-17.7513	-12.6974
-14.3901	-14.8002
-20.0233	-11.6496
-14.6828	-7.78156
-7.37212	-12.8791
-1.12895	-13.6217
-2.50752	-16.2714
-5.00386	-16.8541
-6.75413	-20.7154
-6.51214	-22.478
-5.996	-24.1738
-6.519	-22.7431
-5.45616	-21.2747
-5.11324	-16.1442
-6.45392	-15.126
-5.08014	-11.6232
-5.21853	-10.312
-10.1681	-9.77294
-15.2629	-8.39925
-17.3363	-10.4708
-19.4676	-10.1654
-21.8736	-10.3189
-22.5075	-10.2495
-21.478	-9.71789
-19.7363	-8.71439
-19.5322	-9.1345
-17.418	-7.26699
-14.3761	-3.27493
-8.94837	0.672626
-9.4455	-0.292169
-8.79957	2.10619
-6.34208	0.745531
-6.11933	2.73785
-8.54695	1.02475
-9.2301	-7.79535
-12.8344	-10.8841
-14.4138	-11.6376
-15.9109	-14.154
-16.6146	-14.5936
-16.5682	-14.2099
-18.1145	-14.6036
-17.269	-13.9567
-11.5423	-23.1833
-10.0105	-21.8172
-17.0816	-19.058
-8.92723	-20.3711
-11.0292	-12.3963
-8.20819	-11.8504
-3.35096	-6.27487
1.95747	-9.19023
1.58474	-9.49597
1.27774	-8.49257
0.774036	-6.00216
-0.143051	-6.50262
-0.530684	-6.23489
-1.58859	-4.75235
-0.640345	-4.28799
-2.15287	-2.05044
-3.44865	-3.62434
-8.29282	-4.65951
-12.6482	-11.247
-15.7486	-13.2445
-14.7499	-10.1032
-19.5288	-15.8554
-21.8397	-10.8194
-18.0919	-10.8029
-15.7227	-7.61818
-14.3751	-7.72845
-11.9092	-5.70448
-7.14493	-3.5992
-4.06621	-10.6668
-2.12668	-11.9627
-4.96657	-14.365
-7.15549	-17.4019
-8.45348	-17.179
-7.4128	-17.1648
-3.22264	-18.0037
-1.18768	-15.7507
-1.34155	-13.5521
-0.68084	-12.3079
-1.15758	-8.97779
-0.498119	-10.6835
-0.696224	-9.26508
-0.789894	-8.42832
0.164736	-9.53884
-1.55818	-3.89953
-2.06518	-2.45276
-7.27386	-5.83375
-9.47391	-9.21931
-9.08939	-7.61093
-7.26112	-4.54608
-6.81713	-3.66932
-7.69491	-7.22662
-10.1567	-4.93912
-10.6765	-10.7345
-14.7704	-12.4147
-15.1706	-14.9646
-14.7767	-13.2826
-17.2983	-16.0648
-18.4647	-13.607
-17.083	-15.6844
-18.1663	-14.8171
-18.5188	-16.3071
-19.1878	-19.7961
-17.9711	-18.6628
-19.461	-15.5557
-17.6652	-13.3481
-17.9253	-16.0819
-18.7006	-12.0491
-17.6115	-14.7534
-18.2332	-19.071
-18.1695	-14.6209
-9.71781	-14.874
-13.0419	-22.1336
-12.7925	-18.702
-7.61912	-16.7757
-8.37222	-15.7181
-11.7949	-20.5652
-11.2813	-19.1685
-11.0179	-23.0692
-9.13611	-27.105
-8.59728	-25.3533
-9.67626	-23.6968
-8.441	-23.3465
-7.08175	-21.3369
-6.23739	-19.7721
-5.22302	-20.1948
-5.82824	-20.9857
-6.13783	-22.618
-7.85207	-22.4873
-9.5583	-22.8023
-11.965	-22.0074
-12.9093	-21.6853
-12.8359	-22.1742
-11.9575	-21.3221
-10.8371	-20.7207
-9.13149	-20.0228
-6.27159	-19.9005
-4.51821	-15.3946
-3.78135	-6.12596
-3.48748	-7.23132
-1.84912	-5.02848
-1.696	-4.97423
-1.87069	-8.93816
-15.4048	-5.24262
-17.92	-12.7578
-18.8913	-7.63859
-19.6358	-5.0619
-19.076	-2.93596
-21.1301	-7.70955
-19.8468	-7.26309
-11.6249	-1.74926
-6.47163	-1.78481
-6.50933	-6.5866
-6.78501	-5.07418
-7.01696	-5.31009
-8.10641	-2.54391
-7.53932	-2.58314
-7.63364	-2.27231
-6.92269	-1.21495
-8.3434	0.0754572
-8.62056	0.687701
-7.47544	-1.27152
-8.35252	-0.969152
-7.72873	-0.279914
-6.60811	-0.712377
-6.05356	-3.51407
-6.85193	-0.248167
-8.37166	-2.61701
-7.90408	-5.53352
-7.65539	-5.61909
-6.12664	-10.8163
-6.62345	-11.4804
-7.67437	-13.1471
-9.11241	-13.1597
-10.2863	-11.5551
-11.089	-10.4616
-11.2347	-9.74805
-11.4581	-7.44319
-11.5648	-5.0651
-11.0799	-4.66736
-10.8106	-4.60871
-11.9552	-2.11974
-12.891	-0.31524
-13.3763	0.809927
-13.7717	0.105461
-14.4749	-1.06731
-14.5525	-1.7086
-13.7995	-4.34878
-11.1037	-10.6329
-12.3471	-10.1187
-8.33492	-14.6675
-6.41765	-16.2818
-7.1133	-17.2117
-4.2394	-17.3003
-1.91034	-17.6007
-3.51327	-16.7437
-1.97723	-14.7762
-0.605006	-13.7178
0.167143	-16.1683
0.361751	-11.1441
0.483632	-8.21902
0.481175	-6.48229
0.0163093	-6.13223
-1.436	-8.8917
-3.35934	-5.91284
-5.5336	-8.3681
-6.05129	-9.01694
-11.0071	-5.20598
-14.3162	-6.52475
-20.3977	-10.2649
-24.386	-9.3927
-25.0836	-7.43557
-22.2037	-9.64211
-23.1371	-5.71012
-21.982	-11.8548
-20.8984	-10.4248
-18.1998	-13.348
-12.4568	-13.1165
-7.25353	-16.0328
-7.83344	-18.0854
-7.88658	-21.2233
-8.4851	-20.6392
-7.67249	-20.4141
-6.66123	-19.4662
-5.52465	-17.363
-5.43812	-15.1774
-3.23917	-11.1573
-2.37646	-8.70641
-0.94096	-6.8094
-0.0280925	-6.46614
-1.81931	-4.84081
-5.36977	-1.99544
-6.89944	-7.48063
-9.89189	-9.2729
-11.7102	-11.3803
-14.4213	-13.6498
-13.1505	-14.6453
-7.9085	-15.3865
-11.2589	-16.7839
-14.134	-20.9235
-10.8983	-21.6151
-10.9704	-16.7665
-2.5849	-8.02786
-1.70103	-9.3487
-4.06897	-7.89373
-4.022	-12.0442
-5.08021	-12.5163
-6.18919	-11.6459
-7.54025	-10.7352
-6.79542	-11.7874
-7.7186	-10.4282
-8.66596	-8.81663
-9.5138	-8.00318
-9.37884	-11.6159
-7.86814	-15.8609
-9.38338	-16.0021
-9.50622	-16.031
-10.8197	-15.2024
-11.988	-14.8258
-8.28574	-10.8122
-6.44761	-9.66237
-8.51444	-12.3295
-8.03428	-7.29764
-8.91443	-6.97525
-6.83753	-8.73418
-8.23455	-6.58082
-11.0901	-7.62603
-8.82248	-7.52579
-11.2925	-5.79197
-12.1331	-8.73297
-11.2352	-8.79677
-13.8086	-14.1593
-14.7729	-15.9718
-15.9978	-14.2314
-14.9427	-17.1114
-16.018	-14.192
-18.2271	-14.8315
-15.8454	-12.3205
-18.1045	-14.0623
-16.3282	-15.7622
-16.8594	-10.5382
-18.2273	-14.5554
-17.8866	-12.7332
-18.5537	-13.3528
-17.735	-16.037
-17.9928	-12.7025
-20.0694	-17.2744
-19.7278	-15.4989
-16.568	-13.2734
-16.4576	-14.8809
-17.3068	-15.7404
-15.9983	-10.766
-12.4948	-9.4649
-2.86387	-3.49975
-5.65413	-7.0821
-3.62508	-5.33953
-6.30051	-6.86234
-5.63255	-9.52678
-7.09956	-6.93218
-5.08109	-14.4241
-4.87419	-18.2712
-6.12585	-17.8425
-5.56065	-18.5393
-6.54295	-17.1159
-4.90327	-17.0305
-5.25586	-14.3569
-5.3956	-10.9637
-6.77929	-8.33104
-6.59388	-8.69468
-7.63844	-6.76625
-7.74736	-5.64
-9.33753	-3.27231
-8.54403	-1.60257
-8.11831	-0.64501
-7.17355	-2.22971
-6.5373	-4.51404
-4.49301	-5.09658
-6.52101	-4.37759
-8.64021	-5.12049
-13.5462	-3.36027
-16.7521	-6.30807
-18.7765	-8.55908
-19.0597	-13.1096
-17.4708	-15.064
-12.142	-13.0005
-6.10274	-11.824
-3.43969	-9.83275
-1.89687	-11.1941
-1.94114	-9.8374
-2.20996	-9.09119
-3.58171	-7.53979
-5.40028	-5.60337
-7.11124	-2.17346
-11.515	-1.98807
-17.7746	-4.0167
-20.0814	-4.68986
-22.794	-11.0496
-26.1241	-8.75951
-26.0575	-9.78618
-26.2896	-4.07846
-25.4736	-5.59556
-26.3956	-6.83127
-24.9667	-8.27243
-26.3436	-8.23172
-25.7846	-3.56285
-24.4376	-4.91281
-18.3733	-4.69459
-7.17259	-3.84219
-9.74318	-6.19469
-9.63647	-8.4711
-9.62067	-9.5087
-9.79065	-10.4493
-9.26951	-11.8471
-8.43763	-13.5451
-8.30798	-15.4794
-8.53109	-16.2206
-7.49258	-17.2471
-6.65129	-17.3853
-6.14168	-17.4984
-5.14089	-17.8046
-4.04158	-17.5018
-4.60237	-16.7976
-4.48197	-18.0298
-3.94964	-17.7896
-3.78311	-18.3461
-3.51934	-19.2206
-3.46118	-19.3119
-4.02131	-19.3399
-4.52462	-19.1883
-4.71304	-19.8584
-4.4927	-19.9063
-4.28049	-19.6708
-3.34839	-18.9298
-3.97459	-13.1221
-6.98982	-8.74193
-4.71437	-9.99693
-1.28593	-9.34127
-1.00904	-8.24689
-4.78282	-2.43058
-9.48742	-5.45714
-13.7204	-0.533985
-17.8558	-4.21954
-21.6201	-6.17705
-23.0976	-3.71504
-24.1646	-7.16947
-25.6154	-5.43325
-24.6018	-10.196
-23.1997	-14.7153
-25.5414	-15.915
-22.5045	-10.8212
-18.826	-12.1878
-15.4683	-11.3553
-7.14138	-4.78298
-4.81933	-8.16677
-3.19239	-11.0754
-1.36795	-13.3006
-2.31175	-12.9944
-2.48672	-12.7885
-5.3035	-6.4662
-5.06816	-7.53898
-4.99756	-6.76248
-4.76208	-6.08345
-4.70583	-5.6581
-5.60625	-5.23604
-5.2361	-4.88436
-5.17365	-3.28345
-4.24303	-4.45377
-3.56449	-4.38921
-4.24105	-2.14101
-4.78597	-0.404042
-3.78471	-1.99038
-4.46811	-3.883
-9.25197	-4.69223
-11.8154	-9.26785
-12.3778	-10.6998
-13.1494	-11.0867
-14.6514	-10.0081
-12.9714	-11.3618
-10.568	-11.4501
-10.0355	-11.1437
-9.14588	-11.2587
-8.87805	-6.89882
-4.75276	-3.98508
-5.23782	-0.496357
-7.25205	-4.73651
-7.63696	-4.42341
-8.13713	-7.81737
-19.2329	-6.11829
-19.8034	-10.466
-22.0288	-4.45607
-22.8175	-6.32252
-23.3696	-3.1886
-22.8668	-5.87741
-18.4987	-4.62768
-17.069	-4.91704
-6.47427	-5.02073
-6.50172	-11.7047
-5.25639	-13.8161
-6.44034	-14.431
-6.85468	-17.1577
-7.12043	-18.4421
-8.75188	-16.8786
-8.62218	-14.9072
-6.11439	-11.1039
-3.39903	-6.3318
-6.42199	-5.54791
-9.2986	-10.7462
-16.2447	-11.7881
-20.7706	-17.0146
-15.5915	-16.5697
-9.1376	-9.39077
-7.87355	-8.70967
-9.32266	-12.1958
-6.05619	-15.6414
-5.44911	-15.1418
-4.68532	-13.355
-3.51591	-12.1781
-3.10614	-5.17721
-3.95975	-6.41806
-3.75543	-7.89304
-3.9386	-7.24192
-3.32995	-8.72885
-3.94784	-8.44218
-4.22186	-6.94912
-5.23383	-3.54808
-7.02542	-0.348082
-8.41283	1.51261
-9.82695	3.44838
-10.2305	3.54906
-9.29122	1.30544
-8.67782	-2.13999
-7.6453	-5.64141
-6.35371	-8.2853
-5.42533	-9.67552
-5.09024	-11.2265
-5.83017	-11.3202
-6.14129	-12.6143
-7.57142	-11.2052
-7.83933	-7.38627
-8.17137	-7.01074
-8.16367	-7.64496
-7.65133	-8.72194
-8.21279	-8.37794
-6.91888	-14.2534
-6.39563	-18.7995
-6.89008	-20.4449
-8.21924	-21.2752
-9.09269	-21.0492
-8.75103	-21.3921
-7.45059	-20.8781
-5.95452	-20.2623
-4.7542	-18.2331
-5.27907	-13.197
-4.31433	-11.9133
-2.88199	-10.8317
-2.07748	-9.01069
-0.244928	-5.56493
-1.20933	-2.97021
-3.20201	-2.23375
-5.38075	-6.50109
-8.61003	-9.53755
-11.8183	-11.9884
-12.9658	-12.8117
-15.1106	-9.87383
-16.7496	-10.587
-18.2511	-9.14912
-18.4675	-5.99608
-20.7545	-11.1143
-14.0255	-3.83503
-9.13604	-7.30182
-9.55014	-5.46609
-9.13262	-3.2504
-8.40708	-2.78128
-7.84929	-3.67405
-7.3279	-4.0095
-6.33621	-5.49694
-8.06857	-2.82523
-10.4853	-5.49966
-12.9043	-3.85874
-14.3713	-7.69983
-18.8267	-2.69262
-20.4019	-5.03189
-20.8672	-7.25763
-22.8964	-8.56256
-22.0287	-10.5153
-17.4246	-9.97251
-14.2475	-5.81331
-6.78267	-6.71723
-4.02655	-18.2582
-4.17462	-18.1455
-4.23932	-19.7895
-5.55985	-20.745
-5.63884	-22.1437
-5.98815	-21.1283
-4.65491	-19.7976
-3.86801	-15.167
-3.67371	-11.6257
-5.32747	-8.95709
-12.1244	-4.16593
-17.6533	-7.47883
-22.2364	-6.89488
-25.6914	-6.85394
-28.3651	-10.3766
-27.2861	-7.61074
-29.9311	-8.41396
-26.8243	-6.28905
-25.0507	-8.36057
-22.5765	-6.04404
-21.1156	-14.6377
-15.5062	-12.2966
-7.90671	-9.87432
-6.40811	-14.1013
-5.23389	-18.2492
-4.3568	-22.0174
-5.39691	-21.6476
-5.27623	-20.5217
-5.19317	-15.7108
-4.24925	-13.1607
-4.10735	-10.4095
-2.75172	-7.75961
-2.97179	-3.9229
-4.50491	-7.71107
-10.456	-11.2574
-11.7536	-14.4446
-12.1231	-12.6789
-12.8384	-11.9538
-13.253	-14.2464
-9.50508	-9.33222
-2.88744	-6.74677
1.40217	-7.59413
0.955729	-8.27607
0.134172	-9.56373
-0.304127	-9.57159
-1.8709	-9.16184
-1.45778	-8.86165
-1.34502	-8.1188
-2.02315	-7.40111
-1.41594	-8.56041
-1.81578	-7.35169
-1.37703	-6.90034
-1.78961	-4.63807
-0.939398	-5.87672
-1.82889	-4.67484
-3.6848	-8.16378
-6.48003	-7.07674
-7.40827	-7.56249
-7.53014	-8.67854
-9.20569	-6.00874
-11.749	-4.76117
-11.578	-8.57757
-9.83868	-10.9865
-9.93444	-11.802
-10.5929	-12.133
-11.0964	-12.0364
-11.4633	-12.3774
-11.8016	-12.9118
-11.0999	-12.1788
-4.742	-7.36499
-5.30464	-6.63995
-5.53227	-8.98248
-6.60345	-6.40817
-6.82047	-8.30315
-5.97938	-10.301
-5.05976	-9.86564
-5.54292	-10.1195
-6.02779	-4.85888
-4.40461	-5.27276
-5.26746	-5.09456
-11.3288	-5.78141
-17.5429	-7.30543
-19.5624	-5.96317
-21.4597	-7.56397
-22.5226	-7.78008
-24.5714	-10.3279
-23.2248	-6.7391
-22.1078	-4.99242
-21.8882	-8.6608
-24.6356	-6.79965
-24.0606	-7.01622
-25.4655	-7.88312
-13.5113	-12.4743
-18.7816	-14.3677
-17.656	-14.8503
-18.6803	-15.3731
-16.6729	-13.2937
-17.8891	-13.571
-16.2944	-13.6057
-16.6502	-15.7294
-15.015	-14.7368
-14.8975	-16.2445
-12.3645	-14.7581
-10.0508	-17.3705
-2.66247	-10.5377
-0.457891	-14.2148
-0.525711	-15.4855
-0.970799	-14.4581
0.119076	-16.5092
-2.56334	-12.0802
-3.59495	-7.65392
-3.38584	-8.74294
-3.60196	-8.98803
-4.26879	-8.79874
-4.15224	-10.0412
-5.07303	-15.8924
-1.96526	-22.5811
-3.10156	-23.9693
-5.87745	-21.9969
-6.42148	-23.1172
-5.37707	-24.6438
-5.09248	-24.1937
-5.03663	-22.2964
-2.4211	-21.3006
-1.05436	-20.6348
-0.99611	-20.0203
-2.55886	-16.8973
-1.99583	-15.3804
-0.990646	-13.2012
-1.15227	-11.1298
-5.24741	-5.51542
-12.632	-4.47645
-17.7502	-5.24016
-15.8093	-6.20784
-17.0903	-7.53446
-15.9088	-3.20841
-15.8017	-8.44616
-7.74686	-12.0231
-4.22723	-16.5206
-3.17275	-14.9255
-3.23569	-14.0327
-4.37203	-14.2414
-4.5017	-18.3351
-4.92655	-18.7733
-5.3875	-19.707
-6.81156	-19.1003
-8.80345	-17.9466
-9.97213	-17.5009
-11.5185	-15.6977
-12.7313	-12.9039
-13.5025	-9.17843
-11.9766	-6.47313
-7.89412	-5.1322
-1.60703	-9.52921
-3.10167	-7.81679
-3.32546	-7.52412
-1.76325	-7.74481
-2.39402	-3.44975
-2.23134	-3.69817
-1.29029	-2.95866
-4.13025	-1.51971
-15.0964	-3.77296
-16.0404	-3.18182
-19.2804	-5.76754
-23.3031	-7.65983
-25.2584	-7.5989
-24.8888	-4.14387
-26.3422	-5.38283
-23.2214	-2.28522
-21.5871	-4.52206
-21.0033	-3.23557
-21.4223	-8.95671
-17.8819	-11.1019
-17.7373	-11.0316
-20.5134	-14.5896
-18.269	-6.94254
-9.11519	-3.83975
-10.1641	-0.879301
-10.849	-1.68261
-10.9677	-3.25527
-10.1324	-5.88448
-11.4502	-5.84141
-17.3601	3.68045
-12.5339	-7.0771
-11.1516	-12.8605
-13.0201	-14.4808
-13.6925	-17.9197
-14.3837	-17.9177
-13.9523	-19.7674
-13.5548	-20.519
-12.7803	-19.6361
-10.8585	-18.6537
-7.94909	-20.3288
-6.78174	-19.7712
-6.73595	-16.0255
-6.10827	-12.7982
-5.42107	-9.63991
-5.41242	-7.88133
-5.81036	-7.83219
-9.32502	-9.12921
-11.9424	-15.14
-10.45	-12.9766
-14.7672	-17.2818
-15.2498	-17.295
-15.2489	-15.141
-10.1926	-14.2028
-6.89498	-19.4306
-8.02469	-19.6586
-8.35954	-20.347
-5.94133	-20.3346
-5.54088	-14.5461
-2.09714	-12.3751
-2.31075	-11.4369
-2.55582	-9.69882
-7.44909	-7.53888
-9.50814	-12.3132
-10.6542	-15.1812
-14.9641	-16.5462
-13.677	-15.3857
-18.9742	-16.3448
-14.9477	-17.0288
-11.4579	-13.7654
-5.34294	-19.1041
-8.00775	-20.1954
-8.40652	-19.4671
-6.74915	-18.7597
-5.62226	-16.5685
-5.20142	-13.3723
-6.7812	-13.0366
-7.26646	-12.5692
-7.05524	-13.6091
-6.99603	-16.0522
-6.02381	-17.9253
-8.51178	-20.3331
-9.80791	-21.9959
-11.5599	-22.0877
-12.3501	-22.3266
-12.7564	-21.7766
-12.2793	-21.616
-10.472	-21.5019
-9.45256	-18.762
-5.47885	-11.8265
-5.07808	-11.1987
-6.15938	-13.8871
-8.4992	-15.7804
-13.6452	-20.3275
-16.7369	-19.3085
-20.3427	-16.1944
-16.2789	-10.0303
-11.2365	-2.18127
-10.5225	-0.730407
-14.399	2.57299
-14.516	3.95078
-13.5185	3.20868
-10.3236	2.80536
-6.72121	1.80521
-4.23241	-1.82493
-4.32288	0.0959475
-2.10674	-2.30699
-3.86167	-4.36042
-5.41424	-0.798485
-4.96439	-2.06314
-5.52575	-1.54364
-4.7762	-0.884796
-5.96624	-0.875464
-9.41074	-2.68871
-15.5925	-10.4654
-8.80599	-11.5539
-8.86596	-14.4553
-6.27518	-19.0617
-6.46544	-18.2896
-5.87255	-18.7802
-4.85579	-19.8973
-2.38282	-17.9152
-2.29627	-13.3649
-3.43361	-9.54973
-5.89746	-6.45513
-11.8289	-12.9543
-10.4938	-14.6786
-11.6306	-12.6332
-13.3414	-15.5035
-16.7287	-13.4483
-19.8346	-14.7528
-19.4977	-16.0155
-15.7874	-16.5062
-13.9157	-16.6554
-10.1648	-15.3109
-6.44655	-9.41213
0.251276	-11.4213
0.2102	-11.6689
-3.04483	-7.43636
-3.50837	-6.84792
-4.46476	-5.81649
-3.87467	-7.22512
-4.27071	-7.33171
-4.68555	-7.70194
-6.48427	-6.68391
-6.15626	-6.85059
-5.00661	-7.87893
-4.86855	-7.76245
-4.45502	-7.89596
-4.47325	-6.79865
-4.91155	-6.99555
-6.02891	-7.27125
-7.14288	-15.4445
-8.68499	-16.8071
-8.49908	-18.578
-7.59236	-20.6507
-6.46366	-21.8842
-7.02873	-21.1076
-8.83215	-17.9
-9.09724	-16.1882
-9.54732	-13.4988
-9.40408	-9.17079
-10.1431	-10.3969
-9.67194	-13.2602
-9.84604	-14.0695
-9.83776	-14.1338
-9.59106	-13.6906
-8.63399	-14.3659
-7.106	-15.3214
-5.04979	-15.059
-4.40529	-11.6418
-4.09018	-7.20727
-6.74599	-3.12772
-14.4788	-3.03648
-20.9688	-2.62569
-21.5789	-4.83934
-23.9769	-4.65795
-24.0928	-7.69729
-23.3104	-11.6305
-23.3192	-9.64259
-20.8947	-9.17785
-16.1629	-12.9325
-3.18999	-12.8778
-4.04807	-14.5897
-5.37616	-15.4049
-5.24412	-17.4171
-5.73653	-19.9544
-5.77786	-19.7959
-4.11454	-17.9291
-5.69894	-6.77879
-7.04314	-4.63194
-18.8681	-8.11246
-16.4691	-7.31863
-9.17126	-7.77213
-5.91473	-4.72563
-6.83415	-13.5597
-6.37267	-19.2406
-8.25285	-19.7584
-9.54328	-20.2274
-10.1955	-20.5585
-10.043	-21.9215
-9.62467	-23.7521
-9.64792	-23.1768
-9.69786	-22.5345
-9.57469	-21.7341
-9.3744	-21.5541
-8.96957	-21.5452
-9.19959	-20.1825
-5.81907	-17.2025
-7.1401	-16.4044
-2.64423	-9.00436
-7.34081	-13.4049
-3.83866	-7.03241
-6.49327	-10.7081
-2.60138	-9.48403
-4.88315	-9.14548
-4.14599	-6.79644
-4.22247	-4.56086
-4.12463	-7.11604
-3.75	-5.40125
-6.28528	-2.76252
-9.06951	-7.30533
-12.8974	-10.2153
-13.8034	-9.71229
-16.5423	-8.16819
-26.1375	-21.9204
-18.0236	-17.2843
-16.1553	-14.1397
-16.7731	-15.0156
-17.5396	-14.3498
-16.7698	-14.4926
-17.3434	-16.1217
-19.1414	-13.8664
-17.9521	-13.6345
-18.7528	-15.5077
-17.5384	-14.6328
-18.7554	-15.5683
-16.3578	-16.9621
-17.8885	-11.8921
-17.6782	-13.9268
-17.9336	-10.481
-18.1992	-12.2401
-18.5858	-13.6997
-18.0911	-14.9367
-18.5797	-12.8859
-12.9702	-8.57424
-0.74302	-5.22995
-1.44536	-9.1418
-1.65369	-9.70263
-2.67526	-8.01488
-3.91943	-7.34382
-5.65634	-8.29959
-6.62435	-4.75097
-5.83864	-5.19453
-5.80111	-5.3292
-5.51674	-5.35341
-6.26348	-5.43512
-5.86532	-5.10655
-5.51485	-6.03866
-5.35806	-5.50015
-5.12042	-4.53378
-4.82189	-5.96613
-5.61006	-9.83409
-1.32009	-11.3215
-0.395904	-12.3747
-1.01726	-11.971
-1.30367	-11.6708
-3.93363	-5.39912
-12.3274	0.979178
-17.2098	0.0339559
-22.6435	-5.60972
-24.3648	-6.12058
-24.9364	-7.21389
-24.0118	-11.9059
-24.8255	-12.1488
-24.0455	-12.3278
-21.2175	-10.9445
-17.4593	-13.2593
-12.7961	-12.1783
-7.06187	-21.3211
-9.45015	-21.783
-11.5151	-21.5469
-14.2076	-19.4427
-16.5093	-16.3217
-17.3349	-13.2847
-17.4007	-8.25
-16.9612	-2.02803
-16.7393	1.29138
-14.3273	4.26003
-5.24644	-6.11665
-4.07351	-7.98403
-5.68498	-5.17753
-3.53238	-6.38975
-3.98033	-2.02654
-5.33108	-2.35346
-6.4064	-2.48802
-5.92775	0.361078
-4.73793	-2.65954
-13.5968	-8.68968
-13.6419	-8.85615
-9.39054	-15.8034
-9.6482	-19.6596
-8.90453	-21.7286
-7.67607	-21.6738
-7.10105	-19.2756
-8.66793	-18.9236
-10.2204	-18.5111
-11.3378	-18.4856
-11.9178	-20.1463
-12.1267	-19.4617
-10.5757	-19.5465
-9.51031	-18.6891
-8.48142	-15.5282
-6.85491	-12.6576
-5.35022	-13.9751
-6.72376	-10.9386
-9.29498	-12.6443
-9.22684	-17.715
-7.88402	-20.46
-11.3423	-17.9782
-8.83936	-14.338
-9.2319	-14.8339
-7.45976	-12.8803
-1.72576	-6.17197
-6.21007	-12.2711
-3.58786	-15.1955
-3.23334	-14.0639
-5.37397	-14.1473
-3.66428	-13.8682
-4.80799	-13.1281
-4.78938	-12.4009
-4.42013	-12.6136
-4.87916	-13.4051
-4.27343	-13.7451
-5.25989	-7.70016
-5.48017	-6.59757
-6.66572	-5.86313
-6.40635	-7.2598
-7.30043	-7.9967
-7.36899	-9.48037
-8.3095	-9.35439
-9.22792	-11.5782
-6.60057	-20.5797
-6.34959	-19.8509
-6.36628	-20.253
-6.61293	-19.931
-7.70295	-17.9531
-3.54532	-17.1964
-3.7467	-8.61543
-11.6614	-3.49444
-16.7668	-7.24609
-21.0747	-10.5801
-23.2061	-9.29427
-24.9712	-7.43763
-26.7204	-5.82735
-27.8155	-6.10975
-25.3735	-2.06759
-25.0559	-5.89368
-21.1338	-9.51654
-15.0598	-3.71687
-9.41445	-7.60033
-6.65029	-12.7184
-7.13814	-15.3196
-7.32433	-15.5621
-6.96429	-16.7486
-7.17792	-16.7516
-7.79817	-17.0366
-8.59902	-17.4156
-9.22319	-17.776
-8.42153	-19.8143
-9.00379	-20.9147
-8.25093	-22.0966
-8.05717	-21.7075
-7.16957	-22.0498
-5.84661	-21.5291
-5.67274	-19.8185
-5.54757	-17.9854
-11.1613	-9.40981
-17.09	-7.67039
-13.2412	-12.5986
-4.89135	-13.559
-5.57924	-10.2035
-5.36088	-12.1523
-2.90909	-15.0359
-2.58339	-13.2364
-2.14419	-14.4572
-4.77109	-12.1614
-4.00651	-11.3929
-6.23822	-11.5096
-6.92642	-7.8696
-5.87742	-4.21986
-9.73274	-1.92801
-11.4876	1.53183
-14.128	4.19376
-16.2603	4.73664
-17.0332	6.10438
-15.5854	6.33798
-15.467	6.8624
-14.2746	7.25729
-13.4423	8.26088
-11.918	5.226
-11.0939	6.2242
-9.11111	3.16206
-10.5363	1.23541
-10.8891	-0.466323
-10.6438	-2.84506
-10.5396	-5.50079
-9.85321	-9.37949
-11.051	-10.725
-13.3641	-10.7435
-11.3951	-9.67315
-13.004	-10.3625
-7.64134	-7.95654
-12.238	-9.40818
-8.34851	-8.3313
-8.61294	-6.24987
-9.68664	-8.79585
-10.5066	-6.76858
-12.8077	-9.58178
-15.628	-10.6442
-17.1708	-12.3708
-16.9776	-16.2291
-14.2292	-14.6914
-15.3767	-13.9511
-16.047	-14.744
-18.4449	-14.484
-16.9841	-13.1784
-16.9546	-12.5937
-17.1534	-13.6057
-17.479	-12.7095
-15.8308	-13.7054
-17.9756	-14.2016
-17.8351	-16.2021
-18.4384	-13.3798
-18.9442	-14.0838
-18.2619	-13.1867
-20.2849	-15.693
-18.4979	-13.9437
-18.5265	-15.7378
-18.5586	-15.084
-17.9039	-15.6233
-17.3077	-13.5407
-8.8731	-7.24888
-11.182	-10.1189
-12.7727	-7.61639
-10.0374	-3.41042
-6.48898	-4.56803
-8.5718	-9.81299
-10.8291	-6.00418
-6.2104	-3.77443
-5.5305	-2.15045
-7.44684	-0.428618
-13.5363	0.686646
-18.0701	-0.280929
-22.3545	-4.16528
-21.5578	-6.6532
-24.3151	-5.89048
-23.0976	-8.25846
-21.7126	-6.83717
-18.5357	-5.67289
-7.20441	-5.55017
-8.02337	-6.49548
-7.64706	-8.46838
-7.51125	-8.56963
-7.57762	-8.18268
-7.40164	-8.68222
-6.69908	-7.29651
-6.3492	-5.78108
-4.01229	-4.64722
-1.41669	-6.36037
-1.09227	-6.41955
-0.949134	-7.4526
-0.100089	-6.35657
-0.494863	-6.47068
-0.124775	-4.53347
-0.0778775	-4.17141
0.397253	-4.6123
-0.60271	-2.28315
-11.0307	-1.15374
-10.9733	-0.77396
-13.7714	0.767737
-13.1829	-4.03257
-11.722	-7.20077
-10.5902	-9.91702
-10.318	-11.9966
-9.21578	-13.7266
-8.68212	-15.2844
-8.61436	-15.5914
-8.37151	-16.1247
-7.23052	-15.9557
-6.54727	-15.1122
-4.67397	-15.4491
-3.59887	-13.1335
-2.31118	-10.9379
-4.18172	-7.11944
-5.66981	-9.00128
-10.1474	-11.9525
-10.5061	-8.78216
-7.0847	-4.70983
-5.00646	-10.3106
-6.13801	-10.0056
-6.72087	-10.7317
-6.50486	-10.3841
-6.0038	-10.0694
-5.29966	-9.99119
-4.06198	-10.3477
-3.38952	-9.7189
-3.53065	-9.84047
-2.73805	-8.32701
-2.08957	-6.82801
-2.59271	-4.89806
-0.959959	-5.46303
-1.66795	-3.80886
-3.05311	-3.58051
-5.85968	-2.85639
-10.097	-6.07367
-13.2238	-9.93387
-23.7085	-13.8405
-20.3558	-9.36411
-16.9683	-2.12387
-7.96888	-7.28584
-9.46454	-7.4211
-8.03086	-8.66138
-6.8245	-12.5857
-5.17396	-13.7867
-4.34062	-11.379
-3.1737	-6.08024
-3.37758	-8.11455
-3.3894	-9.25677
-4.04744	-9.73688
-4.12769	-10.2678
-4.68832	-10.098
-5.24993	-10.3651
-5.08954	-13.3056
-5.71529	-18.4931
-5.919	-18.7035
-7.42131	-17.9659
-7.82103	-16.3095
-8.08382	-14.0969
-8.99039	-11.0961
-9.94275	-7.80045
-10.4222	-5.68137
-11.1043	-3.10299
-11.5659	0.785297
-12.6157	1.3474
-14.8502	4.8541
-15.0828	5.42434
-15.3129	4.7032
-15.7855	5.177
-15.716	5.14195
-15.9323	3.75508
-15.039	2.67214
-14.9174	1.23311
-12.2677	-3.13178
-10.9922	-8.21342
-11.7755	-11.2946
-12.5706	-13.3992
-11.7518	-15.8838
-10.7005	-17.3469
-6.8093	-19.8137
-3.80048	-17.5421
-4.1845	-10.3886
-3.78291	-8.6243
-3.10355	-6.84538
-2.81563	-6.2289
-3.14825	-3.45434
-3.33715	-3.45061
-2.87152	-2.02765
-4.03139	-0.537144
-6.13179	-3.15381
-8.42983	-6.28821
-10.1498	-7.72252
-11.9532	-11.0598
-15.1798	-12.8164
-15.476	-14.8669
-16.585	-15.8831
-14.691	-12.3577
-12.0647	-7.80908
-6.09705	-19.9341
-7.63092	-21.7406
-10.4626	-22.0083
-9.36214	-24.073
-11.521	-21.72
-10.769	-21.6792
-9.05066	-21.6061
-5.11575	-19.7582
-6.12135	-10.723
-9.51925	-19.0008
-11.8827	-20.9753
-11.2707	-16.105
-13.2297	-14.7826
-14.515	-14.933
-22.0518	-8.89858
-22.3219	-6.42193
-22.9057	-5.00912
-20.6814	-7.61415
-24.6267	-8.58849
-21.1496	-4.24714
-20.2608	-4.047
-21.7086	-13.2003
-18.2976	-9.84294
-15.8742	-7.77429
-18.065	-12.3384
-19.9306	-15.0945
-18.1455	-12.3196
-16.0253	-13.6527
-9.5728	-7.22608
-3.79973	-8.19297
-5.4396	-7.40767
-4.94128	-7.53335
-6.57889	-6.12194
-7.20444	-3.41216
-6.8575	0.593596
-10.8908	3.49477
-19.0939	-2.02764
-21.5949	-3.71047
-23.6508	-5.94249
-26.5431	-2.62261
-26.7182	-4.36309
-25.3998	-3.81069
-25.4888	-8.83363
-25.962	-8.62761
-23.0897	-6.98697
-16.6309	0.67193
-11.3127	0.931948
-10.1632	0.835827
-10.2237	-0.156283
-11.2608	0.473138
-11.5658	-0.0767983
-8.76298	-4.39157
-7.83467	-5.91401
-7.18525	-7.29839
-5.09372	-9.79689
-2.77127	-4.40879
-3.60976	-4.70071
-2.00026	-4.92271
-2.60111	-4.11835
-3.27978	-3.94336
-3.50335	-1.89075
-3.53934	-1.95297
-4.71076	-1.08908
-8.39308	-5.39404
-8.14818	-7.16
-6.3647	-12.8659
-5.86963	-11.856
-5.70141	-11.9685
-6.35358	-10.64
-6.28027	-7.84891
-5.74027	-6.70395
-6.28797	-4.87434
-8.16107	-9.89556
-6.96475	-14.1391
-7.80159	-20.2091
-6.65735	-12.5943
-7.09338	-16.5142
-4.60768	-14.9263
-4.88147	-13.6324
-5.72114	-13.2912
-5.01486	-13.7598
-6.2987	-10.6151
-6.47074	-11.7797
-8.26355	-8.19808
-5.76403	-7.99971
-9.20473	-6.43369
-15.7504	-5.47462
-20.3948	-11.4825
-21.9952	-8.04832
-24.0876	-9.47797
-26.1837	-4.87316
-26.4568	-2.92938
-25.8279	-4.7512
-24.4206	-7.86611
-23.8585	-4.18056
-24.0652	-4.34952
-25.6185	-6.28111
-24.1577	-8.47697
-21.8783	-7.11711
-22.2714	-7.52396
-22.6718	-7.45192
-18.8019	-12.2984
-18.2834	-7.94449
-17.2167	-9.58141
-17.4708	-13.2852
-16.6843	-13.5558
-17.3217	-11.3382
-16.5375	-11.272
-17.1079	-12.7026
-18.2616	-13.3702
-14.8653	-12.159
-15.5276	-9.22653
-15.599	-12.3892
-18.3874	-14.29
-18.1487	-12.3911
-17.8158	-12.8893
-18.4765	-13.3537
-19.5157	-16.9155
-18.9258	-16.7324
-19.8366	-17.9207
-19.0935	-14.4937
-18.4439	-17.1091
-18.7445	-15.162
-20.188	-14.8369
-20.1274	-17.1798
-19.4053	-16.0621
-19.929	-16.944
-18.8595	-18.2666
-20.2081	-14.2196
-19.5446	-14.729
-16.8222	-14.5291
-18.7151	-18.0725
-18.6961	-16.4277
-12.9357	-16.5519
-17.1982	-14.3072
-15.4591	-8.81111
-14.853	-7.89584
-14.0006	-11.106
-13.8004	-11.7634
-16.4045	-10.7267
-10.7924	7.48275
-12.7084	9.26983
-11.1969	8.23345
-12.5791	9.89088
-11.6171	8.06811
-10.976	7.90254
-10.7285	8.39682
-10.331	8.73636
-10.1158	9.55899
-9.47563	8.8703
-9.7029	1.0592
-11.5148	-3.7154
-12.2345	-9.7472
-13.4079	-9.30005
-14.9613	-7.81825
-14.5604	-9.33953
-25.6395	-9.88245
-22.0332	-5.53472
-13.0433	4.56949
-13.3888	3.03017
-12.2064	-2.01821
-11.5158	-4.32302
-11.7071	-7.21945
-11.0301	-9.79018
-11.3742	-11.0957
-12.0282	-10.8285
-11.7044	-10.0553
-11.7657	-7.79923
-11.0307	-4.89563
-9.67659	-1.59062
-8.72742	1.03272
-7.04775	0.440742
-5.87004	-3.9178
-3.16631	-7.16752
-2.73777	-7.3957
-3.349	-4.53433
-2.89121	-5.0519
-4.14827	-2.64121
-7.9691	1.77355
-10.3368	2.83363
-11.5211	-2.05255
-10.6734	-7.15328
-9.67496	-8.85936
-10.5202	-9.01479
-11.4239	-12.1318
-10.6327	-13.335
-9.9898	-14.3322
-8.72127	-14.8189
-7.97719	-13.0539
-7.17532	-11.5346
-4.97982	-9.63649
-5.34274	-7.40493
-8.83003	-4.24627
-15.0131	-4.91289
-19.2994	-10.7503
-20.6997	-12.0649
-21.9399	-9.46252
-22.2563	-12.1944
-19.8654	-12.9729
-17.6395	-13.6955
-14.108	-13.1003
-4.90787	-15.4086
-5.6018	-18.1056
-6.32152	-19.7735
-6.83028	-22.3041
-7.72284	-22.2148
-6.74422	-21.3256
-5.999	-17.8677
-3.8025	-11.6224
-4.92846	-7.16336
-2.79782	-5.78708
-3.89409	-5.27551
-3.9787	-5.19338
-3.94778	-8.1922
-4.03341	-9.07031
-4.63483	-9.64401
-5.53685	-8.6971
-5.06938	-10.9884
-5.45181	-10.8736
-5.57951	-11.42
-7.68429	-9.22744
-10.5997	-11.9043
-11.2894	-9.74447
-10.9802	-7.00434
-9.94154	-4.84385
-6.85046	-3.8894
-4.05248	-5.42833
-2.57977	-6.74207
-1.24737	-6.97538
-1.30969	-5.50738
-1.06764	-5.53299
-0.590837	-3.55903
-3.87007	-2.44238
-13.9317	0.636207
-14.0033	3.49145
-17.5675	1.47315
-19.4858	-0.363425
-19.4209	-6.00682
-16.3993	-4.94211
-12.7815	-2.61931
-5.6539	-0.336993
-4.73339	-12.091
-5.96406	-14.6245
-6.54338	-17.3119
-6.69572	-19.0776
-7.82615	-18.5124
-8.61011	-17.6114
-9.94897	-16.3443
-10.6056	-15.9415
-10.4101	-16.3199
-9.04596	-17.3918
-8.87676	-18.388
-9.52893	-19.2105
-9.79562	-19.9018
-9.09499	-21.03
-7.47557	-23.3613
-7.30312	-22.5582
-8.49474	-17.1681
-11.5251	-8.30501
-14.5528	-1.59437
-19.4775	1.50153
-20.5153	-3.34455
-24.6409	-6.35347
-22.1567	-7.89132
-23.9665	-11.1185
-25.2086	-9.31658
-24.4554	-7.45979
-22.5182	-7.6114
-17.2769	-14.018
-12.8801	-15.6724
-7.64447	-14.9251
-5.36498	-18.9786
-4.13054	-23.7678
-5.80787	-21.504
-5.09281	-18.5747
-6.37246	-13.6065
-5.68744	-14.422
-5.22684	-13.7329
-4.59686	-13.1679
-4.55917	-11.0624
-4.13305	-8.90597
-3.33209	-6.8571
-2.69668	-4.75086
-3.3338	-4.55577
-4.88241	-4.84049
-8.38274	-6.31557
-14.4012	-12.009
-18.2373	-10.1329
-23.1971	-14.8153
-14.7732	-13.1024
-14.7419	-8.60783
-14.8437	-9.22443
-8.79343	-9.51119
-10.6695	-2.30778
-9.61216	-8.55366
-12.0106	-8.88142
-11.2918	-10.8771
-10.8967	-12.3262
-11.1436	-12.7685
-11.1169	-12.4392
-11.4041	-10.9258
-10.8124	-10.5307
-9.86298	-11.2671
-9.24369	-11.1977
-8.51057	-10.8769
-7.83092	-11.6766
-4.66088	-11.5624
-3.46618	-7.75672
-4.50908	-6.39902
-3.44828	-8.91857
-4.35371	-7.24338
-3.08899	-8.82983
-3.79093	-8.7597
-5.57253	-7.7481
-8.33945	-1.86352
-7.05828	2.67984
-7.86991	3.31797
-7.90443	2.38088
-8.82208	2.18496
-8.90822	2.55752
-8.00023	3.82558
-6.97296	-0.320484
-7.19143	-1.32955
-9.96836	-1.75896
-14.8645	-1.19445
-19.8085	-3.30842
-18.2204	-3.15924
-18.0245	-4.27227
-18.2626	-4.09245
-18.062	-3.91708
-18.318	-4.41306
-20.5786	-6.11547
-19.2792	-5.7855
-19.4377	-4.47282
-20.3658	-6.74115
-17.4465	-6.50543
-16.4017	-5.06408
-15.3237	-5.79072
-15.1227	-5.40009
-14.6686	-5.31079
-11.8245	-9.09498
-14.6869	-11.4255
-12.341	-11.9696
-13.5535	-12.7992
-14.1866	-12.5044
-15.4335	-12.7736
-14.8656	-13.2987
-13.8233	-14.3211
-13.4824	-9.50191
-14.0403	-8.40682
-17.0028	-13.6514
-16.3885	-14.9835
-14.7237	-12.6247
-15.5278	-12.9026
-17.3054	-12.7879
-17.6015	-15.7274
-17.7966	-13.7616
-18.9632	-15.7727
-18.2664	-18.5226
-19.0036	-15.7322
-15.5322	-14.3102
-17.896	-11.4329
-21.2418	-11.1219
-21.7314	-9.88344
-21.7239	-9.29589
-23.2706	-8.95461
-24.9327	-8.48956
-24.4011	-11.4377
-24.2206	-8.26395
-20.0756	-3.36562
-14.0537	3.13921
-13.2631	2.36616
-11.5695	0.670252
-12.7014	2.5244
-12.7121	4.97414
-10.9788	3.5501
-9.65007	6.11493
-11.4378	4.52772
-14.4446	4.87523
-19.4908	-0.787523
-21.4441	-2.51678
-22.3945	-6.22672
-23.4987	-7.38612
-24.9045	-7.72999
-23.7272	-11.4657
-21.7261	-10.8432
-24.2808	-16.3179
-19.3316	-12.4084
-13.2808	-7.80392
-10.3247	-12.7702
-8.50294	-18.5862
-10.2262	-20.2092
-12.2456	-20.4105
-14.104	-20.1057
-14.3262	-21.2973
-15.0487	-21.17
-15.505	-21.3328
-14.761	-21.6624
-14.7269	-21.0055
-14.9523	-20.9326
-15.1741	-20.832
-15.0607	-18.8015
-15.1094	-17.9369
-15.0816	-15.8986
-14.0279	-12.9007
-12.5204	-11.2146
-8.63059	-10.8965
-8.16313	-9.89695
-6.62231	-8.93969
-4.15684	-7.83157
-3.68926	-8.62955
-2.43488	-9.46642
-1.87295	-7.97179
-2.32265	-7.79308
-2.25575	-5.06666
-2.79868	-4.82745
-6.42924	-4.76887
-17.4817	-9.57164
-17.3407	-5.73022
-22.9332	0.496702
-25.1791	-4.48584
-24.4991	-4.57001
-25.2901	-5.25344
-27.0293	-7.98025
-26.4234	-4.93986
-23.847	-9.58263
-16.2571	-11.0851
-6.61347	-9.5618
-14.3874	-12.0649
-15.8518	-12.8375
-17.4747	-14.8602
-17.1207	-12.1375
-16.8544	-12.0952
-17.5316	-13.7073
-19.2007	-13.969
-17.3455	-12.8023
-18.2975	-17.9926
-9.30658	-10.8502
-13.3193	-9.96328
-4.01714	-9.06918
-2.27531	-11.7881
-2.3521	-10.7272
-2.14471	-10.735
-1.74999	-10.7115
-2.93811	-11.4604
-4.85229	-9.82465
-4.96184	-8.23874
-4.97181	-8.61583
-4.48549	-9.127
-3.9107	-9.1672
-3.94483	-8.74295
-4.63249	-8.35512
-3.93956	-7.60664
-3.34294	-9.13164
-4.07444	-9.16688
-4.3429	-9.53249
-4.15497	-11.2333
-4.94991	-11.2919
-6.62451	-9.82077
-8.91574	-13.4247
-11.2341	-12.9089
-12.4053	-10.8747
-13.1287	-10.2657
-13.4334	-9.88195
-14.104	-9.96614
-14.276	-9.6197
-14.1483	-9.41163
-14.1202	-9.73232
-13.1984	-9.98155
-12.267	-10.5607
-10.9691	-11.8929
-9.61634	-11.6861
-5.68864	-13.6814
-5.0537	-11.036
-4.33295	-8.54424
-4.24169	-6.14687
-5.54671	-5.80397
-10.5426	-3.5643
-16.1044	-7.6368
-19.8808	-7.61658
-21.8444	-4.67655
-19.8877	-9.96616
-21.3623	-7.83552
-20.4534	-9.05716
-23.0985	-14.0317
-22.2583	-12.7597
-23.6244	-10.8998
-20.4568	-8.80903
-12.505	-10.465
-15.7259	-14.9369
-19.1418	-14.7256
-17.9002	-15.4339
-19.0623	-15.4165
-18.7678	-12.5003
-18.6223	-15.2099
-18.1286	-14.2457
-17.4878	-17.7629
-19.6813	-14.1524
-15.5757	-9.54864
-13.0137	-3.2604
-18.4209	-6.64306
-13.6994	-3.0626
-9.8863	2.00599
-9.06896	-6.72611
-5.38713	-9.84508
-1.99974	-8.99418
-0.356541	-6.91339
1.72315	-9.15737
1.51053	-11.6646
-0.134579	-8.62976
-0.113879	-8.30605
-0.762086	-8.65983
-1.88905	-6.03569
-3.40809	-7.47203
-4.9166	-6.3513
-7.59485	-6.39122
-10.8258	-3.36428
-12.4366	-1.08581
-13.3253	0.455276
-13.7795	2.50665
-13.0892	2.10892
-10.8475	3.54062
-4.95762	-0.299798
-3.97596	-3.1199
-3.85158	-4.87084
-5.12503	-1.57764
-6.51096	-3.52869
-5.19577	-4.21924
-5.09404	-5.49823
-5.78798	-2.47572
-6.4198	-3.07596
-9.02969	-3.94306
-14.6516	-9.88804
-15.533	-7.63204
-12.8148	0.0256885
-14.5297	5.28968
-13.2796	5.31569
-14.3033	5.92429
-14.4891	7.48932
-14.1803	7.63932
-14.0977	7.13277
-13.9473	7.57026
-14.0389	7.74188
-13.9561	7.83795
-13.6684	6.47776
-13.3883	5.53646
-12.8985	2.69085
-12.9694	0.647452
-12.4778	-1.78407
-12.4378	-4.35915
-12.1637	-7.55085
-11.5666	-8.71065
-9.99805	-11.5005
-10.4658	-13.4222
-8.23708	-16.6895
-8.23686	-14.3576
-9.73108	-15.4672
-6.96331	-15.3692
-6.04095	-15.6848
-7.77223	-14.1955
-6.34176	-10.0372
-8.10997	-9.84736
-12.827	-7.16386
-17.9289	-10.1319
-20.4615	-8.46487
-22.065	-12.8607
-22.1287	-10.2384
-22.6716	-10.6409
-22.5364	-9.91343
-23.139	-8.99069
-22.8632	-9.46608
-23.4073	-11.7684
-20.8983	-8.87412
-14.9595	-8.16309
-20.8021	-7.01119
-18.9323	-8.83363
-20.6224	-9.62445
-22.5679	-12.0293
-21.3767	-15.378
-19.2364	-13.6196
-16.7977	-10.9715
-17.9311	-13.8879
-15.3554	-15.1534
-17.216	-12.6359
-17.0467	-14.3223
-18.0093	-11.8399
-18.045	-13.169
-18.2387	-14.013
-20.6476	-13.9852
-20.0378	-13.647
-22.1888	-9.6868
-24.0567	-12.413
-22.469	-12.2671
-23.1233	-8.16394
-25.2876	-10.0486
-24.2538	-9.39293
-16.1623	-2.41836
-14.9438	-5.29958
-13.0101	-7.43665
-13.3336	-5.74615
-13.278	-4.96371
-13.378	-4.27803
-13.9619	-3.2345
-13.4215	-2.91197
-12.8407	-3.13961
-12.1859	-4.08942
-12.6198	-5.79417
-13.6494	-7.30679
-14.3749	-8.14319
-14.2232	-9.8097
-12.9055	-11.1637
-10.8196	-12.7316
-8.6061	-13.3161
-6.2809	-13.6047
-4.16728	-13.6097
-3.46983	-12.739
-3.02882	-12.6798
-3.56534	-11.0712
-2.39818	-11.0849
-1.79077	-10.1055
-3.81591	-10.3469
-9.48812	-12.1757
-10.3332	-15.9472
-10.8346	-17.5376
-8.86391	-18.8112
-6.93907	-16.0565
-8.00228	-18.1881
-9.19875	-19.9296
-11.6836	-19.5314
-12.1986	-19.7388
-11.9279	-19.5503
-10.7958	-19.9058
-8.95412	-21.1631
-6.59733	-21.1523
-6.093	-13.4313
-4.75804	-10.4931
-3.61869	-9.57515
-2.21921	-8.53593
-1.57717	-6.53576
-1.43217	-5.79724
-2.14775	-5.88822
-7.34421	-3.93766
-15.6268	-10.2043
-17.5789	-6.93331
-21.6961	-8.03469
-23.9556	-8.15547
-21.1761	-5.54147
-21.3142	-9.82904
-18.7598	-10.8453
-15.1484	-13.1533
-13.3104	-10.8897
-10.5516	-11.3648
-8.85545	-19.9769
-7.77737	-22.2837
-11.9698	-21.0539
-11.8264	-22.3832
-12.213	-21.8283
-12.0917	-20.9839
-11.1784	-20.3685
-10.8429	-19.6122
-9.31227	-18.8973
-5.88184	-17.0778
-3.67701	-12.4641
-7.38316	-12.3028
-9.67498	-14.3854
-11.9392	-18.4511
-13.2996	-18.2797
-15.4231	-15.0405
-15.9842	-9.17546
-7.68493	-14.9307
-7.48915	-18.6771
-10.2937	-19.2817
-8.75191	-22.9634
-10.9071	-20.1477
-9.44617	-19.8628
-7.03608	-20.9213
-7.44486	-16.1797
-3.65061	-10.8028
-3.39504	-8.06174
-4.8927	-9.50938
-4.619	-8.54962
-12.5507	-4.05289
-14.9969	-2.46245
-16.6843	0.554235
-18.6605	5.79375
-15.7397	3.38877
-11.9121	1.02336
-7.7709	-3.31772
-6.40639	-8.57364
-6.32325	-10.9769
-6.71742	-11.4149
-7.09511	-11.6519
-7.33876	-12.583
-7.09312	-14.0097
-8.08053	-10.9281
-9.69314	-11.8701
-9.16981	-13.8102
-8.37798	-15.3724
-8.19194	-16.874
-7.74756	-18.0066
-6.24021	-21.7351
-6.76492	-20.7353
-7.12952	-20.652
-6.31057	-17.7652
-7.5726	-6.69305
-6.67455	-6.80761
-4.94973	-6.60868
-5.22298	-5.73401
-3.72609	-2.50425
-2.8881	-3.2241
-3.79623	-6.2745
-7.90049	-8.07027
-15.7919	-9.65477
-20.0721	-14.1342
-15.9813	-16.4391
-11.4585	-11.7226
-3.66626	-9.71852
-6.30525	-13.8763
-4.95209	-15.9784
-5.85603	-15.6268
-4.33213	-15.3974
-3.75928	-13.3061
-3.62134	-9.06893
-6.47511	-3.03802
-7.76984	-8.47368
-10.8552	-11.2083
-14.5497	-15.346
-17.6216	-12.3841
-19.0874	-17.6848
-16.2537	-12.6885
-8.22261	-8.3196
-8.37733	-14.7249
-5.73083	-20.4522
-5.31495	-21.341
-5.30534	-20.9719
-5.35608	-18.9888
-5.1663	-18.1163
-5.53522	-16.7494
-5.25657	-16.0815
-5.01853	-15.5719
-4.82227	-15.2277
-6.57749	-12.8408
-6.91535	-11.3623
-6.61398	-10.6661
-5.8147	-7.58176
-4.60024	-6.60318
-10.2784	-3.94454
-10.1074	-5.57338
-8.87444	-3.1191
-12.8574	-1.76525
-11.9757	1.02108
-11.4546	-0.263586
-11.385	-1.75383
-11.7992	5.45089
-11.7745	6.37229
-12.5166	7.11924
-11.4159	5.86267
-11.6896	6.15846
-12.1775	5.28217
-12.6324	5.82049
-11.3677	3.99748
-11.354	3.3142
-12.798	2.35165
-13.3941	-0.31148
-13.0025	-4.60252
-7.69621	-2.42628
-9.26025	-7.28935
-7.07698	-12.4867
-7.89687	-15.3819
-8.93859	-15.2504
-9.4044	-16.3425
-7.75654	-17.9248
-5.89186	-19.3633
-8.8264	-21.4573
-7.86476	-17.5545
-10.7649	-17.5615
-10.3809	-19.4986
-11.7633	-17.5823
-15.7554	-21.8605
-14.9626	-19.7516
-15.597	-15.7383
-16.1879	-17.0583
-15.9989	-14.0758
-17.1594	-16.1233
-16.2765	-14.7422
-17.6218	-17.0646
-18.3525	-15.4213
-17.9136	-14.2539
-19.2635	-16.5138
-19.666	-14.7248
-16.5118	-16.6772
-17.9058	-13.9173
-22.4031	-11.2724
-18.8015	-14.8887
-17.5383	-15.7941
-17.6292	-16.413
-18.1612	-12.8755
-21.0932	-12.4842
-19.5004	-13.1517
-19.1383	-14.4904
-16.667	-13.9749
-14.4439	-12.5108
-16.5752	-14.8614
-15.3939	-12.4458
-12.5307	-7.77835
-7.49647	-3.19882
-4.33763	-12.6951
-8.36117	-12.0692
-7.44719	-13.8177
-10.8297	-9.52179
-9.32463	-17.2547
-8.59679	-21.3371
-9.43274	-20.7362
-9.25178	-20.681
-6.96797	-20.7288
-5.9005	-19.9173
-4.78639	-15.997
-4.5339	-11.0869
-8.23085	-1.77666
-13.9882	-5.03949
-17.6995	-7.78189
-21.2833	-8.31998
-23.4018	-11.833
-23.474	-13.628
-22.5185	-11.8012
-20.339	-11.1776
-9.74716	-10.3667
-6.98351	-15.3719
-6.33321	-18.4174
-7.60138	-19.0454
-6.84056	-20.8465
-4.99687	-22.8302
-4.59267	-21.6207
-6.16221	-16.6869
-7.36497	-14.8639
-5.94321	-14.1678
-5.12695	-15.0012
-3.9731	-14.695
-3.36344	-12.5362
-5.1599	-7.39425
-5.69641	-6.21604
-7.34473	-9.74032
-15.5146	-11.8995
-18.5085	-9.67055
-7.30544	-4.98344
-6.17736	-11.072
-5.04612	-14.9124
-4.31618	-16.7698
-4.0621	-18.0479
-4.68659	-16.8992
-4.76971	-17.0551
-5.255	-16.6002
-4.14743	-18.47
-3.97609	-18.8632
-3.95044	-19.9581
-7.80459	-17.8437
-6.95483	-20.9105
-6.23768	-21.9375
-6.572	-22.3354
-7.18847	-22.7508
-6.14045	-24.9086
-7.85003	-20.9985
-7.69692	-18.629
-6.71231	-16.0623
-4.62661	-13.3014
-7.09876	-6.1802
-10.5235	-0.0164379
-15.343	-2.21372
-18.5117	-3.79658
-20.3289	-5.07385
-23.0483	-10.6437
-21.9359	-13.0286
-20.1207	-10.2034
-17.5252	-6.96508
-6.44053	-8.10426
-2.00892	-12.3908
-3.49718	-10.2324
-3.4024	-11.2823
-2.67858	-14.4044
-3.46903	-14.3732
-7.03159	-8.77856
-8.24194	-4.83368
-6.28809	-6.41128
-6.27675	-5.02409
-8.04756	-5.93596
-12.2477	-11.1189
-12.2568	-8.59151
-13.4028	-7.13681
-13.8966	-12.2214
-17.167	-15.9554
-18.2035	-14.6544
-15.8706	-16.6584
-16.6464	-12.5559
-10.8033	-8.85424
-8.17351	-14.3689
-8.69066	-14.3244
-8.83045	-14.3593
-9.30225	-14.0065
-9.07504	-13.0287
-10.0188	-10.168
-9.49244	-7.23565
-9.00436	-3.6966
-9.27619	-3.12778
-15.3487	-1.31638
-11.2595	-0.0399396
-10.1657	-6.8639
-15.6452	-10.9472
-19.9732	-11.5297
-21.2187	-5.70799
-20.0556	-6.0847
-22.0497	-1.99729
-12.588	-2.64461
-8.24982	-10.1334
-6.37815	-10.9832
-6.40904	-11.5905
-6.85128	-13.6664
-6.35806	-16.4394
-6.90296	-17.6213
-7.27553	-18.2163
-6.14777	-18.9521
-5.85757	-16.5491
-5.44717	-14.5652
-4.49351	-8.5106
-5.80309	-5.78646
-7.45882	-7.76299
-12.87	-15.3357
-13.5268	-14.9034
-13.3542	-12.3132
-15.7448	-18.5171
-13.979	-18.3165
-12.0157	-7.91793
-9.38637	-7.50473
-6.59628	-12.563
-8.45206	-12.4529
-3.64519	-3.4223
-6.86627	-11.8958
-8.21486	-13.3496
-9.796	-14.1599
-10.2106	-12.5369
-9.87839	-13.6499
-9.90333	-13.0182
-11.0097	-12.7962
-10.1434	-14.1532
-10.7978	-13.0355
-10.3684	-13.1284
-9.05126	-13.3297
-6.60557	-14.4018
-6.33973	-10.3164
-5.40663	-10.2438
-5.69516	-9.73315
-5.82906	-9.28342
-5.79516	-10.8481
-4.57483	-11.5073
-7.6738	-9.03014
-9.9601	-3.77013
-10.9702	0.574186
-11.2784	1.96896
-9.96504	1.58838
-8.65563	1.20426
-7.98826	0.189972
-9.04692	2.57388
-9.43856	2.68299
-9.08635	1.54902
-5.67829	-1.17601
-10.0582	-1.43055
-14.2133	-2.77749
-18.9689	-2.65662
-23.1328	-5.67859
-22.5557	-4.94475
-24.9716	-6.17776
-24.8826	-6.62315
-23.1953	-3.99129
-24.5216	-5.59251
-24.1312	-7.99469
-25.6995	-8.69863
-25.1822	-9.55841
-23.5694	-6.42348
-22.2452	-4.58044
-19.7672	-3.78628
-24.1745	-8.72537
-20.9009	-9.27826
-20.3818	-11.1746
-23.2318	-9.88042
-20.004	-8.47352
-19.1107	-13.8047
-21.1174	-16.348
-17.7789	-10.6143
-18.3801	-14.5513
-18.32	-15.9621
-18.0171	-15.4798
-18.3257	-15.7953
-18.7383	-15.0576
-10.015	-13.2255
-6.5394	-19.0575
-4.96969	-18.9075
-2.76854	-15.0926
-3.09104	-11.5612
-2.68723	-10.9958
-2.8605	-10.0709
-2.1099	-8.49067
-1.98517	-6.12672
-0.761059	-6.28845
-5.51672	-7.82554
-22.4647	-15.5404
-16.4278	-9.69549
-4.38898	-22.4179
-4.83185	-16.4093
-5.85286	-13.3231
-4.04104	-20.4479
-4.62034	-22.1709
-4.95046	-22.4915
-5.85521	-21.6233
-4.16328	-23.5717
-4.96395	-21.2647
-3.92288	-19.0997
-2.88696	-17.4972
-3.79727	-11.7019
-4.4342	-8.46478
-5.59276	-8.23796
-6.67456	-7.46206
-7.52651	-7.99635
-6.34573	-13.0941
-4.2675	-16.6552
-5.00479	-17.9952
-4.55925	-19.3795
-5.40097	-18.0189
-5.10348	-17.6404
-4.72588	-15.9308
-4.41223	-14.8379
-3.64881	-14.5268
-4.059	-13.7109
-3.811	-12.4332
-2.86396	-11.8537
-3.87924	-11.5662
-4.26153	-11.6221
-4.24898	-12.1151
-4.27807	-12.3894
-4.22674	-11.5797
-4.44101	-12.6566
-5.13183	-12.9762
-5.2289	-14.1868
-5.22903	-16.0743
-5.46167	-16.9935
-4.47275	-19.0508
-5.20647	-19.9052
-5.21821	-21.3815
-5.5334	-21.0713
-5.48284	-20.6224
-5.7028	-20.3245
-3.07809	-20.9053
-5.82628	-11.3402
-5.73131	-9.7281
-6.72263	-8.0725
-5.98846	-8.04327
-5.5455	-6.89303
-4.90206	-7.38886
-3.58539	-5.52097
-2.33007	-4.80792
-1.324	-3.53331
-1.52002	-3.15646
-8.58217	-4.12991
-16.2224	-10.4052
-10.8952	-10.5375
-5.59389	-15.9898
-6.13145	-15.8324
-11.1556	-2.60774
-20.1766	2.12946
-14.9531	5.70803
-7.77651	-11.515
-6.84937	-17.8782
-7.01802	-19.9075
-7.87824	-19.881
-6.48655	-21.9616
-5.59444	-22.6152
-4.85291	-21.4948
-3.2529	-19.7253
-5.19457	-11.9296
-6.22525	-11.6844
-6.48191	-11.1731
-7.35861	-11.3136
-5.67266	-16.939
-5.98116	-21.8427
-6.44347	-24.3317
-6.87944	-23.5847
-8.13809	-19.8277
-7.20524	-16.967
-4.63165	-13.3867
-2.55792	-8.29594
-1.84087	-7.07174
-5.97808	-8.19052
-8.90523	-6.96264
-11.5163	-9.2005
-20.2478	-13.156
-20.6449	-15.6208
-17.4255	-7.10723
-7.38615	-4.71073
-9.8541	-9.57662
-8.382	-12.5777
-8.69224	-13.9905
-7.24588	-13.7199
-7.15089	-6.55887
-3.68936	-4.00132
-4.28275	-4.94279
-4.98406	-4.06031
-4.27608	-3.95052
-3.14255	-2.80514
-2.77596	-3.58561
-4.10429	-2.05047
-5.08379	-3.06274
-9.52062	-1.39934
-17.7848	0.259299
-14.7645	-2.17293
-16.7458	-4.84619
-16.5752	8.40564
-13.5738	8.33323
-12.5555	5.41283
-6.16271	-3.55947
-10.1711	-10.5273
-9.24861	-14.15
-8.42024	-15.9587
-1.49984	-11.9
-2.43165	-13.6022
-2.32556	-10.9886
-3.01615	-15.2228
-1.43115	-12.5401
0.867185	-13.841
-0.0850173	-10.6342
1.55309	-16.0052
-0.58334	-11.1392
-1.78841	-8.99969
-3.38858	-8.29626
-8.0213	-8.59686
-13.1395	-9.28617
-15.9402	-11.6686
-17.7646	-16.0036
-16.7939	-13.8982
-16.1645	-12.7643
-18.7181	-14.7316
-17.0636	-15.2516
-17.9562	-15.4892
-19.7771	-15.1702
-16.008	-22.3022
-14.4427	-20.2404
-14.3139	-16.3883
-15.1461	-15.6309
-18.5112	-14.871
-15.2685	-13.9943
-13.6222	-14.4492
-15.3042	-14.5459
-17.5774	-15.2686
-17.4039	-15.9814
-17.9359	-16.8041
-19.5158	-14.6564
-14.9823	-13.3577
-19.0962	-10.1851
-18.6984	-16.3847
-16.8214	-15.3131
-19.634	-14.4434
-19.7768	-15.3602
-18.9127	-13.7732
-18.3902	-11.8636
-18.6694	-15.3347
-18.7147	-13.9547
-16.5162	-13.9307
-14.825	-10.1438
-13.0922	-8.51503
-6.47902	-9.88599
-11.6798	-13.4107
-8.68559	-18.7491
-8.07835	-21.1196
-8.49557	-22.0906
-9.03091	-22.4256
-10.1662	-21.5724
-9.53592	-20.8345
-8.05184	-19.2926
-6.44868	-16.4718
-4.59307	-15.2444
-4.33046	-13.416
-4.06979	-12.1813
-4.18104	-9.9515
-4.10347	-9.43739
-3.70162	-8.81574
-4.46046	-8.37119
-5.02873	-6.70923
-6.63033	-6.04576
-7.30735	-6.31343
-8.55732	-6.42322
-9.69024	-6.03137
-10.583	-5.88751
-11.9586	-4.7003
-13.4174	-2.30238
-14.4502	-0.0111458
-15.4644	1.91382
-15.3662	2.49806
-15.051	2.15948
-14.848	0.500427
-14.6295	-0.798241
-14.1052	-2.82225
-12.7694	-7.07655
-11.3611	-10.6953
-9.7935	-13.0315
-9.99012	-11.1192
-8.10689	-10.2436
-7.14883	-8.75656
-5.51873	-12.3879
-3.42917	-6.27083
-3.03705	-6.6018
-3.5689	-4.54694
-4.01849	-5.86004
-3.08016	-8.76438
-4.58191	-9.07152
-8.05621	-13.862
-5.09774	-19.8472
-6.57792	-19.7365
-6.72462	-19.9552
-6.99578	-20.2437
-7.46415	-18.859
-7.51601	-19.1533
-8.4876	-17.6732
-8.62762	-16.6148
-8.19551	-16.4192
-7.67458	-15.4176
-6.36951	-13.424
-5.5829	-9.73993
-6.62998	-4.73347
-6.83125	-2.96446
-13.5477	1.6823
-18.5053	-1.46205
-21.5143	-2.7594
-23.7457	-0.233496
-24.7837	-2.87647
-23.8642	-8.74034
-25.8064	-9.46374
-20.4454	-4.08149
-21.3097	-11.5389
-14.9688	-12.6221
-5.31722	-7.76669
-3.85715	-11.255
-3.9179	-8.79957
-3.88509	-9.86128
-4.54442	-9.48391
-5.33074	-7.82051
-4.35958	-8.55325
-3.74468	-8.86162
-3.18977	-6.44557
-1.83795	-4.41152
-5.62752	-3.13012
-10.4068	-6.65621
-12.9548	-8.24114
-15.7212	-11.655
-11.5729	-5.44776
-3.8327	-18.9574
-5.05839	-16.5448
-5.41399	-17.8091
-5.64539	-17.2523
-4.43078	-16.0024
-4.13522	-11.0912
-8.08986	-6.86074
-14.332	-4.25843
-16.4033	-6.16155
-19.9442	-10.1943
-19.9995	-13.2597
-20.5004	-12.6388
-19.4036	-10.9627
-18.3146	-11.3103
-13.3994	-10.9324
-7.03347	-14.1793
-4.45296	-20.1722
-5.08585	-19.2178
-5.16947	-18.5993
-5.77403	-14.6568
-6.0342	-11.0579
-6.02476	-6.57064
-7.29593	-7.85086
-9.51613	-7.63519
-14.4656	-10.076
-15.0498	-16.4317
-15.9269	-14.8947
-14.7251	-13.1404
-13.7179	-15.7329
-16.004	-13.2213
-10.6932	-8.09112
-12.6886	-10.7732
-10.0131	-13.0742
-10.6261	-12.3706
-9.10564	-12.0271
-5.0796	-10.964
-4.12671	-11.8296
-4.72962	-10.7812
-3.89672	-10.5026
-4.59673	-9.00857
-4.61349	-9.37633
-4.02262	-9.17247
-2.74031	-8.81144
-4.91579	-5.38454
-5.99957	-1.67595
-6.79011	2.0253
-9.87662	0.88825
-11.8671	-4.28836
-16.1788	-1.30902
-17.4674	-5.44101
-22.0393	-10.3564
-18.716	-10.2598
-16.244	-7.1744
-9.3436	-1.97528
-2.09185	-9.04898
-1.2647	-12.1187
-0.941857	-15.6969
-1.52901	-17.0309
-2.55641	-17.4878
-3.49884	-17.5982
-2.5017	-17.5594
-2.03784	-15.4787
-0.335515	-14.0844
-1.63784	-6.80397
-6.95745	-1.5862
-14.7677	-4.81357
-22.5234	-4.07868
-25.1509	-4.58192
-25.786	-4.76396
-28.5031	-4.57538
-27.3778	-3.32815
-27.6361	-2.41573
-28.682	-6.68722
-25.9115	-6.11759
-25.5346	-11.3675
-18.1829	-10.5954
-2.97927	-6.55129
-4.35029	-7.28994
-5.65797	-5.51652
-5.45395	-7.20243
-6.00676	-7.70467
-5.40253	-10.7337
-4.48576	-12.0622
-3.91051	-14.6265
-5.02153	-14.1991
-4.22315	-17.3133
-5.00745	-18.5149
-5.93288	-19.9081
-7.86091	-18.7833
-8.91726	-19.3531
-8.8108	-20.2748
-9.31364	-21.0499
-9.25812	-22.3619
-8.0152	-23.4863
-7.92673	-23.4988
-8.10335	-22.4967
-7.88692	-23.9393
-7.39145	-19.1657
-6.04376	-16.2582
-2.89435	-11.1238
-5.74146	-10.4412
-3.96463	-7.69724
-4.5792	-6.08516
-3.39773	-10.0657
-2.72375	-9.8028
-5.51556	-10.6919
-7.07294	-8.5113
-6.73192	-6.52305
-8.49897	-6.92471
-9.36329	-8.41096
-11.431	-10.9423
-20.9168	-10.5569
-19.5626	-12.9095
-19.1003	-16.6626
-20.0807	-14.2617
-7.80367	-8.80883
-2.25723	-7.79595
-1.77656	-11.6201
-1.22803	-10.4954
-2.27829	-11.9261
-2.38102	-13.3247
-5.44898	-11.437
-5.99708	-7.93345
-6.3864	-8.19606
-7.02416	-8.20352
-10.8384	-5.01046
-8.45743	-8.89734
-7.74563	-17.4272
-6.56479	-21.0264
-7.49494	-22.3011
-7.55283	-23.2526
-8.37375	-20.8314
-10.499	-15.4368
-7.76712	-17.6075
-5.27802	-16.5963
-5.46858	-11.8257
-5.48227	-9.4051
-6.06169	-9.12862
-8.52491	-7.83828
-15.9612	-11.3691
-18.9299	-12.3063
-18.755	-11.2457
-16.4804	-12.8935
-11.921	-12.1504
-9.77513	-12.6242
-9.34253	-14.9605
-7.63078	-17.6401
-7.93023	-17.4707
-7.15155	-16.005
-5.41776	-12.732
-3.32571	-8.75872
-9.85565	0.585012
-15.2059	0.759316
-19.1824	-0.618327
-19.4283	-6.04982
-20.4974	-3.99854
-13.9546	-3.43243
-5.39529	-5.95926
-4.43874	-7.93983
-2.03736	-9.02881
-2.80324	-7.31781
-2.70667	-5.63344
-2.41683	-4.53358
-3.66883	-4.06403
-4.34307	-4.71951
-9.01794	-12.2988
-5.98776	-13.3717
-5.03741	-17.2671
-5.08979	-18.0053
-6.64324	-18.9471
-7.65387	-18.6714
-6.61791	-18.5122
-5.70144	-15.4001
-6.4163	-14.3746
-4.95943	-17.9303
-3.1579	-17.5266
-2.10002	-11.9103
-5.0119	-8.68007
-5.90253	-8.37118
-7.41885	-7.45115
-12.5143	-8.52099
-13.9571	-12.8087
-12.7885	-9.93959
-9.66662	-8.32542
-5.64781	-3.88639
-2.24243	-5.57833
-1.54241	-10.7834
-2.12697	-10.9772
-3.0184	-12.5574
-4.24881	-11.846
-4.95488	-6.12196
-4.34488	-3.90324
-5.75187	-4.70342
-8.72463	-4.12399
-17.7518	-10.7887
-20.9234	-14.4551
-21.7078	-11.6637
-13.7206	-10.2855
-9.50009	-7.59061
-7.59482	-13.9096
-8.11671	-15.4964
-10.0966	-13.8372
-9.45565	-15.1056
-9.53319	-13.8775
-8.35028	-13.9193
-6.86177	-13.0588
-5.50968	-11.3701
-5.46395	-7.9613
-4.82708	-5.80424
-3.11641	-6.39859
-2.2395	-5.12302
-1.84173	-2.40749
-10.8848	-2.13901
-17.8474	-6.58247
-19.227	-5.51556
-18.7113	-6.48762
-23.9347	-12.0925
-21.3731	-10.0395
-13.2357	-4.22955
-5.10407	-9.11006
-6.23884	-10.272
-7.3465	-11.6987
-7.77143	-13.4019
-6.52888	-16.9943
-6.16314	-18.7614
-5.88787	-20.0831
-7.13136	-18.8684
-7.83699	-18.9131
-8.24354	-20.0176
-9.51646	-19.0464
-10.6463	-17.4709
-11.9277	-14.9606
-12.6484	-12.2705
-13.2829	-8.01293
-13.492	-3.39719
-12.3154	-0.490231
-9.5537	-1.50858
-4.9042	-7.77755
-4.21192	-8.17424
-3.25611	-6.31839
-3.00795	-6.56332
-1.77688	-4.15796
-2.48296	-0.524545
-5.2798	-4.28776
-9.19426	-7.67061
-11.6263	-9.01776
-20.404	-13.6446
-20.0788	-15.3614
-8.94761	-10.1392
-10.1492	-16.4829
-8.5234	-17.4808
-8.23815	-18.4367
-7.4764	-20.2464
-6.86	-21.1298
-7.59146	-18.9132
-8.73675	-11.5565
-9.01371	-14.2788
-8.31608	-17.24
-5.75359	-17.6871
-3.76079	-16.0786
-2.63338	-14.1219
-3.35344	-14.0237
-4.02014	-13.3567
-4.76324	-14.2123
-5.68184	-13.8712
-6.28964	-15.5291
-6.11559	-18.0656
-6.46366	-19.3215
-7.87366	-20.0643
-8.8119	-19.8983
-8.78252	-20.0433
-8.67427	-18.7548
-6.40657	-19.2028
-6.45827	-13.4607
-6.51127	-8.60657
-5.94335	-9.18128
-5.87167	-8.38046
-4.9633	-8.72125
-8.34616	-3.74737
-8.28871	-1.67823
-9.27701	1.80093
-10.757	2.06647
-11.3584	2.97798
-12.3635	3.35044
-12.8101	2.49764
-13.2026	-0.157283
-12.7628	-4.88089
-12.57	-8.57302
-11.6881	-13.5158
-10.7048	-17.4876
-10.78	-19.6394
-9.37232	-22.354
-7.32979	-22.8537
-8.69088	-18.2843
-8.79284	-17.0175
-11.3364	-12.8652
-8.54373	-16.8907
-10.5556	-16.3672
-11.4087	-18.4826
-11.5997	-18.9454
-10.0806	-19.5615
-8.47566	-18.0554
-6.22679	-16.6662
-4.73353	-14.0592
-3.61736	-12.7294
-3.26118	-12.1869
-4.01685	-10.8501
-3.32709	-11.8296
-3.47627	-12.9827
-6.17048	-8.74683
-5.47807	-7.61422
-6.02499	-5.83533
-6.10717	-5.55989
-5.27033	-5.90776
-6.16942	-4.02504
-6.99194	-2.12464
-9.59078	1.84496
-10.751	3.81158
-12.8483	4.37993
-14.2814	2.89065
-14.4573	1.17868
-14.2818	-1.94281
-13.8288	-4.64373
-12.3787	-7.18876
-9.77774	-9.71036
-6.61267	-10.7949
-4.41432	-8.35586
-7.06949	-1.40454
-13.2948	0.259275
-21.5919	-3.54878
-21.7562	-1.91374
-22.3582	-5.36718
-24.5421	-6.90861
-24.561	-10.7138
-24.3759	-10.379
-22.3154	-7.98772
-19.1926	-11.4624
-17.7906	-12.6125
-16.1871	-12.6474
-12.9825	-12.8763
-4.15256	-7.31845
-5.00158	-7.78754
-3.77341	-4.89363
-3.90689	-5.74879
-4.45792	-6.91905
-6.32866	-9.91812
-5.65054	-6.00001
-7.62653	-5.54938
-10.9281	-3.32783
-12.0545	-2.24689
-13.1298	0.794738
-14.2703	2.86023
-14.8107	2.59383
-14.7778	2.02233
-14.1288	0.645692
-13.4085	-2.23033
-12.0022	-5.42787
-11.91	-8.17124
-10.3748	-9.55276
-8.93677	-10.156
-8.98812	-7.76926
-7.55657	-9.26582
-5.51987	-7.12027
-7.42688	-2.9067
-11.4345	-5.49202
-13.8263	-11.6038
-14.229	-11.3762
-24.9029	-10.8844
-16.1254	-13.5844
-15.1169	-2.8708
-16.4056	-6.45547
-12.6921	1.85592
-8.45998	-1.14745
-9.70169	2.7299
-10.702	2.09548
-11.3048	2.68784
-12.6562	-0.849781
-15.4454	-13.8286
-17.2824	-5.3013
-18.6757	-10.3036
-19.6427	-10.0006
-16.2591	-12.8302
-17.4748	-13.718
-13.3801	-12.8679
-13.8901	-13.8845
-15.8274	-13.87
-14.4723	-18.25
-11.3339	-16.5592
-5.69744	-12.0991
-7.22111	-13.9634
-5.86866	-16.2689
-7.71121	-14.0824
-7.464	-18.5403
-9.26215	-18.3203
-11.9978	-22.8649
-13.6758	-19.5629
-14.0912	-20.6857
-13.0188	-17.2124
-12.2114	-16.3261
-14.6306	-15.5743
-17.191	-17.6706
-17.1249	-12.1011
-18.3158	-15.5761
-17.1657	-15.1458
-18.8885	-17.5311
-16.7748	-12.3361
