-9.36032	0.471148
-17.8636	-1.41591
-16.1917	1.3808
-17.6131	-1.81285
-13.5182	1.54367
-15.5272	-5.03858
-18.1212	-2.704
-12.2896	-5.22339
-11.3867	1.59867
-14.7428	1.92126
-15.6604	-1.64524
-12.433	3.13864
-14.0034	2.14454
-15.2118	0.486204
-9.65664	3.72099
-8.60978	-4.46097
-10.4519	-11.3033
-9.6436	-13.6351
-12.2049	-8.82472
-10.8358	-10.332
-9.79946	-8.76296
-9.24456	-7.03214
-7.81905	-7.49894
-9.15214	-2.28544
-8.46498	0.902335
-8.13493	0.601547
-8.42565	0.832065
-8.34161	2.42881
-7.92386	3.11854
-9.00731	3.60638
-10.1599	6.27405
-9.40521	6.02649
-9.89322	6.85332
-8.53343	6.61571
-8.88815	7.84845
-9.415	7.68564
-10.1066	4.41889
-15.32	0.830556
-14.3175	1.85644
-12.7018	1.45708
-12.3825	1.14954
-13.739	1.58676
-12.6511	1.1765
-10.1856	-1.25172
-10.3145	-1.03969
-9.42511	-2.19277
-7.35681	-1.43703
-3.10868	2.13205
-2.15186	0.963528
-3.01526	1.42954
-1.57016	-0.129704
2.87283	-2.32819
3.20023	-3.30659
3.75623	-3.60372
2.75598	-2.99119
1.99078	-2.82795
1.89326	-1.38481
-0.806457	4.864
-0.825782	4.16977
-0.598697	1.55786
-2.25227	-0.47809
-3.04884	0.5433
-3.36732	0.264806
-3.78785	0.154721
-5.05951	0.913064
-6.27627	3.15369
-6.25259	2.53927
-7.79537	3.42986
-13.3981	1.55963
-14.6677	0.49008
-13.9821	-0.515535
-12.9993	-1.28018
-12.5577	-0.614404
-10.2423	-1.06094
-7.33311	-0.940252
-2.92898	-3.05015
1.5766	-3.12802
4.60068	-5.18197
6.14736	-5.54737
3.96778	-2.83275
4.25706	-1.43267
2.391	-2.96012
-0.0447706	-3.28238
-2.25777	-3.06408
-3.11603	-4.71469
-4.47753	-4.84823
-6.81294	-2.61244
-7.98738	-1.27198
-8.20553	-0.373514
-8.53577	0.820447
-4.56407	-3.5487
-5.92451	-3.64813
-5.75043	-2.88033
-4.18452	-6.21569
-0.917409	-6.66965
-0.938276	-2.87188
-0.901719	2.47602
1.56214	1.87054
-5.19294	-3.54829
-5.45678	-10.1541
-1.82971	-3.59494
-3.33624	4.43215
-10.3147	-2.70732
-10.873	-0.733515
-6.19139	4.62398
-7.907	3.08222
-10.0339	2.93449
-9.77052	2.45326
-2.1757	-1.85074
-7.8417	-2.7661
-12.0914	1.3141
-12.0462	2.83696
-9.77719	1.43403
-8.16425	-0.746748
-5.27945	-0.265492
-0.198555	1.39387
-1.71132	5.97596
-7.81055	1.66891
-6.96833	-1.32849
-6.68208	-9.79074
-6.15526	-9.69077
-2.32591	-9.58897
-4.54241	-7.50434
-0.930469	-14.8669
-4.13703	-10.0447
-6.25194	-10.4838
-2.10373	-1.34804
-5.40853	-3.92471
-2.13404	3.1606
-9.6905	2.7004
-12.3202	3.83917
-13.729	1.70615
-14.6254	4.66557
-11.5148	1.63112
-8.84901	6.89757
-8.866	5.42225
-3.27079	2.33864
-9.28059	-0.147117
-7.54743	4.14825
-9.58179	1.31062
-3.38481	5.00942
-3.45247	5.60655
-3.91952	0.485675
-7.20312	-2.8791
-10.859	-1.02139
-10.4961	-4.46946
-11.3339	-3.97628
-11.6144	-3.31472
-12.5232	-1.73683
-12.3554	-2.32296
-11.2311	-5.82839
-12.9365	-7.00316
-16.6157	-7.56762
-19.1063	-8.0638
-21.6263	-6.085
-22.2637	-8.61981
-23.3075	-9.75812
-23.0141	-10.6792
-22.7628	-11.5092
-21.3893	-13.3604
-11.2211	-7.14309
-8.61484	1.03128
-7.95714	0.69874
-7.81734	-2.44275
-9.8815	2.71034
-10.553	4.91701
-7.23634	3.58659
-8.76692	4.20479
-4.79718	2.46285
-6.13765	4.79654
-7.54684	3.89932
-8.96952	3.10926
-3.17626	10.723
-5.03934	7.25589
-1.76559	4.00195
-4.76297	-3.70441
-10.139	-5.18887
-13.7181	-3.85325
-16.9419	-3.91144
-14.4622	-2.1227
-15.7247	-6.92907
-26.9938	-4.06395
-25.2629	-9.24818
-20.2264	-4.9897
-15.37	1.97767
-16.325	-2.21608
-16.6376	-1.99431
-16.9878	-2.70718
-15.2983	2.03624
-13.2481	1.79553
-12.2731	4.36029
-10.9941	3.78859
-12.9356	3.1142
-10.9783	4.20687
-14.6769	2.33756
-16.0342	2.76066
-16.2735	-3.17354
-15.8238	-0.0360358
-15.7583	4.3432
-13.7271	1.7087
-15.273	-1.29165
-15.4687	-2.24492
-13.1293	3.217
-15.3165	-1.70418
-15.7738	1.51568
-9.84746	-0.823827
-7.07847	-2.83422
-10.0982	0.309145
-17.7609	1.68295
-17.0439	2.52752
-14.4328	1.01329
-10.5756	2.01124
-8.81557	4.6659
-12.1697	1.06767
-13.7986	3.5767
-11.5378	3.65264
-15.4857	2.9732
-14.1263	-6.76326
-2.10167	-2.7086
-10.9063	1.09624
-11.1251	-4.58507
-8.48683	-2.42045
-7.2826	-4.91733
-12.1512	-4.24229
-15.1747	-3.85249
-14.3716	-4.9162
-15.3619	-5.27413
-15.0124	-5.30916
-15.656	-3.52308
-13.7756	-3.71134
-12.4227	-2.4894
-11.3136	-1.39534
-8.99964	-1.00914
-6.00221	-0.511635
-3.74012	0.413881
-2.15491	2.86086
-1.40807	4.16733
-0.531258	3.4596
-0.322374	3.39215
0.702651	2.68521
2.66422	0.247532
1.32465	-0.958938
-0.417094	-1.78352
-2.9942	-2.04088
-6.14937	-2.69932
-9.57917	-3.62547
-11.8216	-5.70961
-12.4463	-9.23321
-11.7338	-12.9019
-11.1906	-13.8213
-9.89062	-15.0499
-11.4331	-11.9307
-15.9934	-5.31317
-18.8268	-3.52296
-12.7047	-1.82441
-14.8468	0.953464
-16.6463	-3.0994
-18.9734	-1.28037
-14.3348	-2.84892
-17.4777	-1.10767
-18.6968	0.495777
-17.5589	-0.0910041
-16.1422	-1.08778
-16.203	-2.46544
-15.315	-3.60581
-15.9834	-3.34892
-15.7561	-4.49366
-16.3173	-4.33078
-17.8328	-4.62687
-18.8089	-4.76397
-19.979	-4.96353
-21.1376	-4.34518
-21.3841	-3.99148
-19.4539	-4.48573
-16.4414	-4.4072
-15.3582	-4.11465
-13.9912	-3.64353
-13.8287	2.34431
-9.65761	7.76457
-9.6186	6.44288
-9.12879	7.70664
-9.91462	8.00937
-10.505	8.10208
-10.17	9.05633
-15.448	-0.225521
-14.6787	-0.332657
-13.9495	0.868319
-13.6021	1.84372
-13.5908	5.00688
-9.56413	6.41361
-9.22622	6.20718
-9.05213	4.97253
-8.00807	5.07645
-6.93496	0.537324
-6.8761	0.513262
-7.73098	4.46992
-7.01455	6.05037
-5.17669	0.692666
-7.88057	0.894795
-9.5426	5.11264
-9.42209	4.52503
-12.7498	-1.311
-15.1674	-0.407675
-2.56441	0.924251
-16.9705	2.5467
-17.4763	-0.420835
-19.4664	-1.1352
-23.1331	-0.255001
-14.9753	-4.19588
-9.35816	3.75251
-7.88474	3.43897
-7.43775	0.963976
-5.1044	5.32068
-14.5583	0.783057
-9.22659	-0.0352405
-8.07748	6.09597
-14.3277	-3.98118
-12.8506	-6.3701
-12.4634	-7.36902
-11.8358	-7.22522
-11.7455	-5.47188
-9.93013	-1.9688
-6.13019	5.32968
-1.4953	5.28553
-6.73715	3.68919
-14.439	-4.8111
-14.0099	-4.36696
-12.2452	1.22521
-11.8515	4.17334
-14.7088	-0.700675
-14.4313	-5.87493
-14.7271	-0.822993
-7.41479	-8.81269
-2.20899	-2.43757
2.69382	-4.87289
2.14479	-4.39632
-0.584423	-7.26567
-2.45402	-9.20601
-3.52863	-11.839
-1.11266	-12.2124
-5.82121	-13.4604
-4.33652	-8.41501
-5.48975	-7.12126
-1.2638	-4.98606
-4.7046	-0.598748
-2.10241	-7.3695
-5.33816	-0.69954
-8.4022	-3.87455
-6.29883	-2.19917
-2.48081	-5.64506
2.73155	-2.79205
2.12677	-4.24661
-5.2231	-3.81188
-8.48049	-4.03568
-12.0829	-5.80306
-12.4889	1.39849
-11.5952	-4.0229
-10.3028	-5.78268
-10.9792	-5.60149
-8.03804	2.48903
-10.286	0.00541742
-9.32564	0.811247
-16.1692	-1.6995
-20.9559	0.0640894
-19.597	3.44338
-17.097	4.5649
-10.4472	6.87924
-9.22352	6.79652
-9.25918	4.61887
-8.44113	2.22007
-4.35428	-3.03097
-0.0826017	-8.65436
1.26828	-9.16813
1.6665	-5.67135
-5.53927	1.31654
-5.70047	0.727481
-7.40542	4.06255
-5.45353	3.78498
-3.83337	2.64341
-4.40752	4.42957
-4.1495	2.85352
-1.81479	1.91269
-3.17639	5.04111
-5.83034	2.27156
-6.94067	4.1166
-18.1406	-3.93304
-16.6079	-2.09121
-18.9374	3.18939
-15.2759	0.604377
-7.63258	-3.66335
-12.8828	-8.025
-13.7732	-7.48494
-16.5802	-2.2865
-17.3469	1.9736
-14.3266	3.88506
-8.69383	-2.44445
-9.25007	-2.11537
-7.10974	-3.97721
-3.46152	-1.61702
-8.72055	1.41934
-10.9065	1.42206
-11.9529	1.41652
-13.7981	0.00350789
-17.0046	-6.93777
-17.2451	-2.31492
-9.27557	4.54294
-16.0475	1.46002
-19.6961	-1.74098
-21.4781	-0.706506
-20.5853	-1.92519
-21.2576	-0.766814
-20.2459	-1.90416
-20.744	-1.44759
-20.3759	-2.28778
-19.7005	-1.5307
-17.8698	-0.177014
-8.36628	5.97958
-8.28524	4.9565
-7.37343	3.70484
-7.96309	4.68991
-6.69723	3.38646
-8.28211	1.52427
-8.79904	1.68913
-6.28249	2.43849
-0.828025	1.4709
-6.55915	2.77039
-6.93761	6.32616
-4.93896	8.87934
-2.28288	6.44906
-3.97751	6.95436
-11.4858	2.62549
-15.5522	1.37411
-14.2104	3.45025
-14.262	-0.441731
-13.4734	2.79645
-15.0101	1.5602
-14.8234	-1.65913
-15.1849	-0.230975
-13.2906	-0.42837
-14.3385	0.430631
-13.9871	-1.03892
-4.79261	-1.59464
-8.63677	-1.39259
-6.62597	-1.06389
-4.41189	-1.67727
-3.52224	-0.362479
-1.21242	-3.22063
3.11669	-1.1816
0.098695	0.454447
-2.84665	-0.790061
-2.00483	-0.674219
-8.80659	-6.06199
-9.15021	-4.56044
-7.16568	-1.25629
-8.48453	-7.14516
-6.81142	-5.09467
-7.2486	-2.63563
-8.01035	-3.45609
-11.8733	0.443738
-10.8769	-1.45286
-13.3106	-2.4987
-10.1603	-6.10845
-17.7625	-9.19503
-19.2379	-9.68422
-19.9638	-8.78942
-19.8897	-9.51511
-16.8615	-9.82009
-12.83	-7.74874
-2.07036	-5.93523
-2.5888	-3.79113
-6.1188	-3.78397
-5.48113	-1.47558
-5.32481	-10.9253
-7.01722	-4.44225
-5.58049	0.666445
-0.724824	-5.09017
-5.60071	-0.976797
-7.74146	2.93524
-6.30533	2.00509
-7.56393	5.51279
-10.2379	9.08653
-11.954	5.68399
-12.9957	7.1897
-12.0531	4.82087
-10.2904	1.20235
-10.5085	1.98273
-10.9904	0.763303
-16.7108	-2.09711
-20.4326	-3.54451
-20.7122	-4.28747
-19.1923	-6.75047
-18.1424	-6.50992
-15.4333	-7.46668
-11.9139	-8.33204
-11.1901	-3.52002
-8.26616	2.05605
-8.45909	-1.19082
-14.1668	-2.68325
-15.5589	-15.1649
-8.39697	1.00419
-10.557	-8.37786
-13.0501	-7.7471
-12.3179	-9.18368
-11.5142	-8.40265
-10.8582	-8.27372
-9.27363	-8.84846
-9.68983	-5.53284
-5.51923	-4.69967
-7.73881	-3.43167
-4.23854	6.08094
-10.7641	3.92343
-11.1745	4.34911
-14.0241	-0.907216
-10.5836	0.00688463
-13.724	0.338264
-12.6089	-2.33841
-7.22832	2.65686
-10.7803	4.01856
-1.64641	5.91273
-0.704485	1.29362
-2.43372	0.63847
-4.10765	1.6641
-3.38608	1.31662
-4.52211	2.13182
-6.28551	2.50187
-7.9939	0.0039012
-8.6766	-4.24151
-9.71584	-4.21837
-8.24324	-7.59986
-9.01242	-9.95626
-7.98221	-9.64355
-7.75613	-12.8021
-9.8832	-9.61475
-10.2162	-8.14488
-11.3085	-4.41757
-12.0899	0.10727
-11.1398	1.58602
-1.69335	6.39631
-2.66493	-0.550021
-3.357	3.42517
-11.3295	2.81544
-17.596	-4.70621
-20.0176	-3.97774
-18.1232	-3.33274
-20.1353	-0.584851
-17.8996	-0.114626
-16.0266	0.821004
-13.0337	1.1378
-9.14325	1.38965
-4.30325	1.09848
1.38984	-0.165404
4.4123	-0.537995
6.58944	-0.952462
7.74358	3.54876
5.21463	4.23573
3.89098	5.6246
1.28142	6.22101
2.40628	4.95039
1.81056	3.71497
-0.00435966	3.37164
-1.21923	4.13081
-1.1483	1.85326
-1.89224	3.43473
-2.19494	1.65648
0.280665	-0.255435
-0.400742	5.50434
-8.24024	-8.90443
-6.11229	-7.67965
-4.85033	-10.0599
-8.74779	-11.213
-9.37494	-12.6296
-8.97727	-15.521
-5.97753	-6.53557
-6.21795	-13.5375
-8.13351	-9.35631
-6.71748	-0.415906
-10.0118	4.03879
-12.0114	2.17011
-18.2161	-3.13048
-19.7645	-4.60863
-19.5451	-3.12851
-19.0351	-2.98962
-21.6536	-3.06544
-19.0012	-4.23605
-24.3752	-3.00605
-19.5393	0.675462
-22.4989	-1.04681
-23.9277	-0.104559
-18.346	-2.58885
-15.8828	-3.96865
-12.4135	-1.02407
-11.5669	1.38514
-7.53269	0.320224
-3.98501	4.50682
-7.68824	4.65105
-7.9068	4.58534
-9.80198	9.33531
-14.1647	-0.906788
-12.2512	1.72781
-12.6021	3.65231
-15.1854	-1.7902
-12.4583	3.5662
-15.2172	2.31442
-14.3936	3.06213
-18.0128	0.699653
-10.2382	0.688984
-15.612	2.57352
-14.0395	-1.05942
-18.393	-0.928084
-17.8622	0.526209
-15.5593	2.20714
-13.6354	1.08206
-15.4838	-3.36506
-15.069	3.78325
-6.99076	11.1
-1.87899	7.38591
-0.712521	1.76576
-0.071213	4.11598
-3.15119	5.75497
-1.87366	5.64563
0.28871	3.25887
-3.74813	2.44176
0.445511	9.00205
5.03302	7.31004
1.64296	9.54111
1.55266	8.47693
3.369	4.73574
3.47997	-0.62655
3.75702	2.66964
-1.4788	2.5322
-2.30155	1.92289
-4.25565	-0.121378
-9.94572	-5.91684
-7.34433	-5.42762
-8.42577	-7.67749
-8.65201	-10.3348
-8.17355	-8.50186
-11.6902	-7.30323
-10.4189	-8.20901
-4.76758	-1.44114
-6.64381	2.37922
-10.8744	2.12767
-11.3584	0.547161
-12.7579	1.90147
-12.7073	1.50807
-12.1746	0.980568
-11.8685	1.42808
-10.34	1.36242
-8.96743	0.831345
-9.27872	1.00007
-9.74151	4.20866
-9.42992	3.74383
-9.34123	4.59006
-8.9389	3.12571
-7.7081	3.14451
-7.81721	4.86707
-7.25354	3.13005
-5.82624	1.09621
-5.71847	2.31405
0.800529	-2.06451
5.55397	-2.36853
2.29814	-2.23563
-4.87263	-4.47364
2.43022	-1.50036
4.34332	2.43608
-1.70341	1.14298
0.253017	3.71729
0.957879	-4.27116
2.18863	-4.21331
-5.01582	-7.55637
-7.6851	-4.33178
-15.6554	-3.00048
-18.4285	-3.95276
-20.37	-3.18644
-21.9476	-2.50976
-23.7636	-2.58746
-23.9407	-3.96272
-23.2776	-5.74128
-17.0089	-8.65477
-6.91597	-5.03292
-9.12497	3.8288
-10.2562	-2.34089
-8.7965	1.60779
-14.9905	-5.29021
-7.84874	-3.69653
-9.00737	-4.02825
-9.7474	-1.8392
-5.00288	1.47685
-2.79402	-0.160005
0.679428	-2.34185
1.86973	-1.51047
1.72073	2.97979
4.22047	4.62692
-2.54577	0.567036
-3.21285	5.29339
-7.7923	2.56513
-7.69804	2.56355
-9.13798	1.29364
-14.041	-2.35441
-9.83902	1.55359
-15.7407	-0.0743821
-19.4215	-2.6755
-21.8565	-3.16688
-22.997	-4.13249
-19.4253	-5.69858
-15.4088	-0.00731108
-12.3845	5.97961
-10.7266	5.07872
-11.649	5.25512
-11.1202	4.46741
-10.2086	4.10519
-9.66525	2.49323
-9.40884	2.81399
-10.456	-1.75391
-9.66481	-3.50692
-10.8108	-5.09641
-8.88929	-7.05018
-9.63114	-5.88055
-8.90744	-6.8566
-9.44887	-3.24523
-9.21031	2.23827
-4.13425	6.58348
-2.53943	7.84386
-0.944179	3.9356
0.180757	3.12118
-2.89226	1.56812
-3.09546	4.22859
-1.02238	6.82801
-4.0081	5.79253
-1.76725	9.57444
-5.67661	6.79896
-6.18506	8.69369
-13.9277	3.57287
-6.55303	6.96037
-9.5084	-2.60705
-5.68898	-9.40099
-3.28895	-4.10091
2.87306	-0.671194
-1.19581	0.638269
-5.69572	0.437164
-10.9966	3.75146
-9.37426	2.21408
-8.3703	2.82003
-5.78471	2.76901
0.0761593	2.81239
-3.99909	7.0641
-6.6636	3.96179
-10.5496	0.00722411
-10.2257	0.412848
-11.3758	-1.85681
-14.6401	1.48137
-13.3949	-2.18026
-11.2359	1.42838
-15.3473	-5.05279
-12.3652	-2.8668
-12.0221	-3.69217
-13.8751	-0.138678
-16.8156	-4.56581
-18.9988	-2.11127
-19.1185	-0.860457
-19.793	-1.40799
-18.1227	-5.66074
-10.9405	-9.30904
-4.72475	-1.43665
-4.4162	-3.81696
-10.9206	-10.3289
-11.8933	-4.67287
-10.2007	-4.88127
-10.551	-10.4959
-11.5972	-7.66236
-11.8817	-1.93817
-9.57403	-4.30677
-8.6782	-6.20335
-9.53681	-3.46872
-2.88128	-4.88012
-3.5121	-3.51015
-4.54469	-8.45582
-4.97941	-5.24855
-9.92972	2.86452
-10.1146	8.67147
-13.6217	3.27106
-6.36339	10.3074
-12.8831	-1.73027
-14.9333	-3.05101
-14.1512	-6.9134
-11.9544	-9.94323
-10.0673	-11.5672
-10.386	-14.4812
-9.68213	-14.7129
-10.2817	-9.97864
-11.0154	-10.4763
-11.8996	-11.1042
-13.8738	-12.1763
-16.5754	-11.9095
-18.4888	-12.6186
-19.6878	-11.7672
-22.0211	-9.52478
-23.4836	-6.46254
-17.9321	-6.9297
-22.8919	-6.55661
-19.9423	-5.2737
-20.7158	-3.57673
-20.883	-2.95815
-21.3378	-3.36645
-19.4139	-2.47595
-17.4707	-1.97142
-14.2817	0.420766
-12.3679	-1.64143
-12.7658	-1.42539
-15.9888	-3.17045
-15.5487	-5.91904
-12.0186	-3.5313
-14.1355	-4.50141
-14.7275	-3.80606
-15.4123	0.315909
-14.1788	-2.44596
-12.9361	-2.90916
-15.6342	-4.52842
-12.5131	-1.72521
-11.1521	-8.96357
-10.5917	-10.2797
-11.321	-6.97934
-13.203	-6.2756
-12.463	-11.7141
-11.3567	-6.46199
-12.5837	-11.1954
-9.80986	-9.29623
-11.1987	-10.7526
-8.09991	-10.921
-7.07912	-11.4387
-10.1226	-6.7674
-9.72629	-6.60287
-8.89309	-6.24638
-15.9402	-5.65688
-16.2985	-0.915227
-17.4112	-5.12021
-13.1986	2.44385
-15.3945	-2.2226
-12.4554	1.74069
-11.5321	-1.16203
-15.1601	-2.09552
-15.1009	2.09468
-14.3227	0.380922
-14.5672	0.362284
-14.2685	1.25084
-8.23944	-2.21814
-15.31	-1.20739
-17.1542	-5.26394
-13.5757	-0.131503
-14.6037	0.652015
-16.3809	1.03326
-11.2799	4.33699
-15.1493	-0.660588
-16.9843	-0.422892
-15.8586	0.14663
-15.3779	1.71813
-7.4153	3.3004
-2.03025	6.87069
-0.489577	1.201
-2.42074	4.04482
-0.599717	-0.329867
-6.81745	-4.1178
-10.8164	-0.62364
-10.7088	-4.03863
-10.8929	-6.55488
-10.0485	-8.76557
-10.1312	-8.40198
-7.42678	-10.6769
-6.06402	-9.53096
-3.21121	-4.57529
-4.08777	-1.74619
-2.92484	3.14048
-6.45711	-1.44919
-3.16497	1.516
-5.66428	-0.0703195
-5.85022	-4.09296
-5.24133	-3.79055
-6.58972	-1.47563
-6.20846	-0.484787
-5.96481	0.048891
-10.3628	-6.63785
-13.1976	-8.16316
-15.6812	-8.76017
-18.0824	-7.45613
-19.3725	-4.37365
-20.8174	-1.83364
-21.7984	-0.221605
-19.4367	-1.1455
-19.7516	2.29079
-15.6076	0.72768
-11.6939	0.796706
-6.79363	-2.23207
-7.00795	2.82343
-6.29242	-3.24821
-4.10564	-3.27212
-4.95431	-3.34689
-1.82437	-5.31604
3.81845	-4.65799
4.96735	-8.43353
5.96525	-4.17895
1.19619	-6.21054
-4.08622	-7.23908
-5.61115	-7.90411
-7.72936	-6.36087
-8.64823	-9.43827
-9.3626	-9.02529
-9.99105	-9.85986
-9.06933	-10.1344
-9.05555	-7.25874
-6.52267	-7.19564
-3.77124	-5.5947
-3.4235	-2.00237
-5.28237	-6.79242
-8.96278	-6.62107
-11.7196	-14.5543
-7.75102	-12.584
-8.96489	-6.57067
-7.13019	-8.68203
-3.15663	-4.6832
-3.10078	-8.72915
-6.74301	-8.11672
-10.6889	-4.57404
-10.1183	0.380362
-12.2715	0.310904
-12.723	-7.82779
-4.81845	3.52787
-8.79615	-2.51323
-13.6227	3.94709
-8.11228	2.50069
-7.67137	0.383342
-8.6472	0.109297
-12.3881	0.126847
-11.8851	-2.85588
-10.2406	-5.37785
-9.23169	-6.49851
-7.12885	-6.75102
-5.87192	-7.10688
-4.34497	-6.09338
-2.70022	-4.24896
-1.06864	-3.65979
-0.970598	-1.93721
-0.223757	-2.09797
0.372522	-2.91002
3.30937	-3.43638
-0.471474	-0.674488
-1.89204	1.49603
-0.90799	1.83471
-5.77684	1.09189
-6.01577	-1.63555
-12.5344	-1.9281
-13.2033	-6.28786
-14.8511	-7.72562
-16.9267	-9.55428
-19.1076	-9.78156
-21.7504	-7.87107
-23.5186	-6.22214
-19.9859	-10.0215
-21.5994	-9.41348
-14.7923	-14.4413
-11.3643	-15.8835
-10.0929	-11.8833
-10.433	-12.9721
-10.0894	-10.5627
-7.75931	-12.1749
-7.79122	-10.4851
-8.45719	-13.4579
-12.2325	-15.7284
-17.1443	-13.5159
-20.2402	-9.28951
-21.1932	-5.214
-22.4036	0.358105
-20.1386	2.1315
-15.6757	1.47323
-15.0121	4.71559
-8.89095	4.19441
-8.05153	0.523736
-9.10597	-1.29908
-7.58375	-1.65482
-6.12728	-1.49318
-7.64088	0.189813
-8.64975	1.76768
-9.71456	1.34144
-11.9472	2.29469
-15.0951	3.44703
-17.612	4.76313
-13.9857	-0.206151
-15.1797	-0.385799
-14.7025	-0.485824
-17.6668	-1.03526
-19.5168	4.49999
-16.6288	5.00213
-15.8311	1.47891
-17.1594	1.38145
-16.3429	1.6005
-17.5421	3.13365
-15.1394	-1.94583
-11.1898	-3.72
-13.2406	-1.3761
-14.2636	-1.31347
-15.2818	4.57152
-14.9964	3.43423
-14.1598	2.31455
-17.6204	0.552561
-14.8342	-0.679602
-13.078	1.24106
-16.932	3.26909
-13.6498	-1.52002
-17.1239	1.60574
-16.5478	6.92619
-17.6901	2.49925
-12.3469	4.7621
-15.068	2.95256
-12.3528	1.92075
-15.3444	3.0048
-15.7856	2.99689
-15.7788	0.734776
-17.3881	4.13292
-13.616	6.65271
-15.1572	5.20991
-15.946	5.29266
-13.8913	2.93645
-15.3887	3.71652
-9.09131	5.76298
-10.5183	-1.37202
-10.8444	-6.27323
-10.4224	-3.37214
-9.28346	2.47041
-9.06118	-1.95506
-9.26657	-6.74524
-8.23369	-10.5654
-10.6837	-9.69729
-11.591	-9.62301
-12.4927	-7.81151
-11.5748	-9.53906
-12.1732	-7.83195
-11.8448	-7.14181
-10.4059	-5.68265
-7.4968	5.40928
-6.14669	5.12412
-5.76454	5.499
-5.7029	5.17081
-5.21669	3.97116
-5.39959	3.37366
-5.57571	4.89261
-4.31085	5.19251
-4.33194	1.81277
-13.0216	-2.3435
-13.6706	-3.98228
-10.7468	-5.03838
-6.19716	-4.33832
-11.0247	-2.7522
-15.6501	-4.78389
-16.6466	-5.68605
-17.6841	-5.95681
-19.7085	-5.41243
-20.8922	-5.14527
-22.4685	-5.09728
-21.1945	-6.1316
-21.1406	-7.35978
-19.8035	-9.27084
-18.1412	-9.85756
-14.1292	-7.21033
-10.7887	2.95703
-7.99949	-1.72091
-12.7573	-1.86995
-13.171	-2.43422
-13.5543	-5.47625
-16.0864	-4.21129
-21.172	-6.45809
-18.1396	-6.49004
-17.4105	-6.30893
-17.3967	-5.50425
-12.7743	-4.85627
-13.1644	-6.49095
-17.4411	-5.09971
-14.3594	2.18272
-9.23025	-3.59735
-15.0552	-3.32596
-15.3953	-6.20201
-19.0702	-6.69503
-20.4509	-4.1246
-22.8154	-5.65815
-21.9837	-3.1549
-21.133	-2.89696
-26.0466	-1.03982
-18.8944	-2.24659
-23.9845	-5.66758
-20.0243	-8.03762
-16.7483	-3.6303
-14.759	-7.98606
-13.0221	-1.56499
-11.5326	0.358655
-16.1473	-5.57895
-16.3697	-2.67765
-15.9652	-5.43761
-14.2167	-3.57393
-16.1203	-1.98554
-13.4919	-6.17474
-12.1002	-7.95318
-10.2188	-10.3715
-5.73023	-0.0522994
-6.25762	-1.47322
-0.0383995	4.65415
5.2275	1.49175
4.25355	0.625279
-0.162467	1.18077
-1.33794	2.45338
-3.23536	4.60103
-5.00707	6.28613
-4.73961	4.93518
-4.7443	4.20901
-5.79682	3.5141
-6.62717	3.46669
-8.67093	2.02915
-11.7619	1.92601
-15.1036	1.03072
-15.4191	-1.76378
-15.5526	-3.45578
-13.542	-5.15752
-11.7187	-3.19382
-6.50844	-2.19985
-7.17113	0.740623
-4.3896	0.614401
-8.59545	-2.06717
-8.9845	-3.68227
-14.1396	-10.6829
-12.3847	-6.95139
-11.6718	-10.0655
-9.26394	-7.31353
-10.4223	-4.18485
-11.0091	-9.76774
-11.2005	-5.56669
-14.094	0.790137
-9.07323	7.48338
-11.1102	1.99525
-13.3168	-2.30751
-13.0338	-4.54739
-14.0889	-3.74137
-14.4433	-2.37909
-14.2806	-3.79006
-12.2392	-2.15507
-3.30872	-10.0917
-2.81227	-7.69421
-5.56865	-8.18708
-9.62093	-7.93356
-7.2098	-3.49031
-8.33942	2.85282
-12.1823	0.00816093
-12.2892	-2.52253
-12.8334	-0.093002
-13.0227	1.5329
-14.1277	-0.51725
-15.0062	0.993459
-17.3327	-2.81744
-18.3464	-2.9955
-16.5825	1.33698
-17.1581	-3.23807
-12.041	5.15572
-12.77	-3.6634
-16.3838	-5.98783
-19.9044	-5.96997
-22.9175	-2.44211
-21.9572	-3.58157
-23.0736	-2.601
-22.3432	-3.50572
-22.7464	-2.41741
-22.3255	-1.27512
-22.4308	0.0316851
-18.3182	-2.26832
-7.6149	-5.35679
-0.413491	-0.954466
1.19418	-4.8028
-0.19346	-0.212317
-5.16869	1.97828
-3.87889	2.14739
-0.506355	0.107943
1.14345	-0.7487
3.35415	-2.77733
3.87231	-1.66947
6.88099	-5.33349
6.02934	-4.23598
4.6998	0.728899
4.87736	0.987394
4.40923	-0.207945
-3.37183	6.57076
-7.70161	0.829498
-10.785	2.99453
-13.5886	-1.83125
-12.4188	3.42586
-12.6907	2.47668
-15.0983	2.71228
-11.0658	0.141741
-15.4779	-0.780765
-14.6727	-1.98152
-16.1787	2.12482
-14.2506	3.60029
-15.5743	0.959062
-16.6524	-5.77112
-15.0627	-4.6676
-14.4724	-7.52635
-11.5156	-8.06906
-10.689	-5.08597
-14.3327	-2.36907
-10.5914	0.297293
-11.0374	5.11388
-16.7995	-5.45731
-12.9583	2.63832
-15.756	-2.05092
-16.7225	3.37833
-13.598	2.23567
-15.3792	1.55185
-14.3507	2.19934
-15.636	2.77745
-15.4836	2.5766
-14.2488	1.97794
-9.17862	-0.387502
-13.0615	1.0614
-17.1287	0.877808
-13.7068	-0.839332
-15.6048	-0.153265
-15.6641	-0.119017
-12.443	5.38444
-14.798	3.80828
-10.9808	2.69501
-8.64942	-1.64351
-7.86552	-0.415977
-12.6606	6.46303
-16.0685	9.00693
-14.9882	8.56016
-18.4484	0.00905467
-21.6675	1.88673
-16.9565	1.15983
-13.2275	3.38862
-11.3716	7.43238
-8.87865	10.0137
-6.76598	4.28702
-5.92941	8.34227
-8.6096	3.42467
-13.2899	3.00049
-14.2551	3.90114
-19.5833	-3.59956
-16.3517	-1.87725
-0.541579	4.84904
-4.11428	2.55178
-3.94699	-4.23673
-5.10401	-4.7434
-5.55274	-4.425
-6.2226	-2.04373
-6.47055	2.6691
-5.76784	1.53184
-3.58954	2.03082
-4.86102	2.80161
-3.39976	2.16252
-6.93512	-0.179095
-12.3218	-5.30291
-14.6276	-2.86753
-6.46873	-1.57913
-11.1924	0.893734
-10.0057	-1.62148
-9.9882	-1.53877
-9.72272	-1.59097
-8.70343	-2.08006
-7.10768	-1.47515
-5.0441	-0.205843
0.00156039	-3.5833
1.11911	-1.91091
3.74382	-0.777176
3.25052	3.32514
-0.433086	1.48638
-14.4396	-2.63311
-4.23914	-2.73886
-0.358484	3.36211
0.391564	5.63059
-1.65663	0.665613
-3.26899	1.64426
-3.46425	-0.133925
-2.82429	-0.332089
2.05617	-7.06173
-2.54605	-5.33256
-4.0602	-3.57089
-5.02959	-1.75274
-5.41803	1.5554
-4.07618	0.51365
-3.89181	-0.444164
-5.14344	0.601908
-4.91403	0.554252
-4.95833	1.1803
-3.77773	-0.934299
0.382206	-0.156328
-0.859436	-0.69901
1.49029	4.06884
-4.78761	-0.598824
-2.43901	1.25556
-5.91698	-5.11116
-4.17147	-2.79528
-3.31441	-1.71646
-8.28874	-7.74029
-8.66126	-7.26226
-4.64347	1.81909
-3.3193	3.41865
1.50833	4.42477
1.75168	3.26307
2.09078	0.629336
2.18891	0.729743
1.75986	0.307226
1.58961	1.11815
2.7391	0.56576
1.70208	1.29903
1.13717	2.73878
0.751273	1.64546
-1.65241	1.68523
-3.81152	1.11172
-6.27599	0.437118
-7.58421	-0.303923
-7.97637	-0.807503
-9.14449	-0.672254
-10.6006	-1.78304
-11.396	-0.810408
-11.892	-0.58519
-12.038	0.0888304
-12.1066	1.76129
-7.82444	6.72304
-9.02538	8.80183
-8.53052	7.78269
-7.55465	5.84849
-9.04049	6.97095
-8.8005	6.51381
-9.58563	7.57859
-9.52425	7.98725
-10.9138	8.91275
-10.0706	8.12387
-10.8802	8.27192
-11.5741	8.35699
-11.7514	1.0451
-12.44	-0.429635
-12.4901	0.894817
-11.5841	-0.339817
-11.0032	-0.727815
-9.48476	-1.80413
-5.95092	-2.41998
-2.43556	-2.75928
-1.1881	-1.83814
0.381087	-2.52015
-0.783196	-2.53356
2.86746	4.78355
0.32143	3.68976
0.156555	1.52102
-3.07111	4.94527
-5.24604	4.77307
-5.10266	4.63716
-4.33904	4.52296
-6.10341	5.23509
-7.09266	4.57547
-8.17754	3.28455
0.0684796	-6.52962
2.78911	-3.97212
-6.566	-3.11099
-10.893	-0.847093
-12.6205	-3.43667
-12.0694	-8.39665
-13.3008	-9.78993
-12.9605	-12.247
-13.6019	-11.6262
-13.062	-11.2341
-13.644	-10.8169
-14.4246	-10.4883
-14.3193	-10.472
-13.4555	-8.69461
-12.7561	-6.69021
-14.086	-5.97966
-14.5392	-5.96578
-15.5857	-6.07058
-15.7905	-6.72409
-15.7583	-7.76826
-16.2769	-7.73189
-17.2233	-8.03552
-18.1898	-7.50199
-16.9766	-7.07222
-17.7757	-5.63018
-16.4459	-6.41834
-13.5838	-6.03712
-9.43204	-3.995
-2.85513	-4.06415
-4.45603	-5.48875
-2.57505	-7.21332
-2.54663	-7.74021
-4.66667	-1.78057
-6.32702	-6.1246
-9.57547	-4.71756
-6.5469	-0.790424
-11.2845	-1.5829
-6.19758	4.6546
-5.91073	1.57243
-11.1554	-3.88785
-13.2623	-1.79699
-13.4941	-1.22056
-11.7952	-3.38906
-11.3639	-2.33667
-9.26144	-2.22495
-8.49799	-0.493
-6.40317	-0.196799
-5.56962	-1.29254
-5.88299	5.98531
-3.22125	3.64889
-3.8693	9.22046
-6.57607	7.22382
-8.5895	3.77982
-14.5671	1.53247
-17.6473	-6.45713
-14.3252	-3.64422
-14.5769	-5.97079
-0.0540496	-1.46359
-1.8209	-1.78254
-1.89035	-3.89852
-4.48828	-1.9117
-5.98707	0.809813
-6.04727	2.54012
-7.38852	3.5752
-6.87214	4.04877
-5.43634	2.32894
-6.16985	3.49735
-4.37697	1.57555
-2.28166	1.44734
-1.50205	4.49709
1.56651	0.514629
-2.62637	-0.022285
-8.33186	-4.38597
-8.56346	-7.7057
-8.4992	-9.58061
-8.88885	-2.10719
-9.94147	-0.159772
-10.7841	-2.30083
-13.7771	-2.48967
-11.0183	-0.75826
-13.4584	-2.202
-12.5359	-9.70431
-8.04195	-8.09252
-11.6241	-1.81131
-5.38168	-1.22117
0.412855	-5.02632
4.4614	-8.32454
5.95409	-3.72999
-7.42527	-0.868244
-9.14948	-4.63858
-9.31425	-3.76241
-6.96393	-5.85881
-5.22597	-0.723589
-0.99395	0.0715976
-0.631261	-3.95817
-5.83627	-10.798
-10.3412	-9.42483
-6.74456	-11.2054
-8.94529	-12.2235
-9.10037	-8.89663
-13.1642	-11.059
-14.5417	-9.13432
-17.378	-4.76539
-20.4198	-6.38086
-16.5293	-3.17742
-13.5758	3.48031
-16.5572	0.113007
-21.4863	-2.3578
-15.7267	3.85657
-22.2959	0.979821
-18.3485	0.854611
-22.9489	0.245871
-15.5522	5.87309
-7.86066	1.94727
-14.5054	4.63237
-19.7962	2.13456
-12.0563	8.03394
-6.81387	5.45172
-8.43525	6.58034
-7.82938	7.17757
-5.42262	2.92587
-5.43241	2.86619
-4.91093	1.99732
-4.9623	1.53447
-3.84619	-1.94601
-4.33853	1.7019
-1.31888	-0.928026
-6.03116	3.33627
-4.70132	6.5494
0.849779	11.4674
-6.54484	10.3692
-10.5922	-13.7911
-5.20385	-7.31136
-3.76141	-5.62825
-7.21405	-7.07216
-4.2719	-11.8523
-7.8281	-11.2245
-6.73513	-10.4815
-7.0455	-11.7612
-6.01544	-13.5188
-3.37414	-7.54858
-3.70995	-7.23524
-8.75532	-6.82993
-13.5098	-6.92566
-10.8346	-0.20011
-17.1397	-3.85191
-15.9735	0.212933
-16.0863	-0.2888
-14.0524	4.92302
-14.417	2.56267
-13.0915	4.69957
-13.6539	-2.41707
-15.1985	-2.74404
-12.7017	1.66572
-11.2812	5.8115
-16.7093	3.93634
-10.2891	2.27853
-14.6556	-0.392635
-15.7714	-3.42734
-15.3005	-4.66282
-13.5843	6.25906
-14.1272	-1.9272
-14.051	-0.710493
-14.9378	3.43773
-11.4322	2.27207
-13.7808	1.93658
-12.7846	-1.0108
-8.65388	0.496464
-0.34731	3.20098
-2.89674	5.3492
5.80125	-1.62311
8.84789	-3.40399
10.1802	-3.03401
10.9634	-1.30672
8.17058	-2.69662
7.9102	-2.77613
5.02267	-3.61753
2.60975	-4.88391
-2.09579	-4.65895
-9.09723	-1.19067
-12.9974	0.241704
-16.0804	1.09607
-17.6985	-1.16438
-18.3327	-2.37185
-14.6945	-1.27634
-8.60825	5.26162
-8.95922	3.30674
-9.50554	2.61656
-9.82071	4.2211
-10.0123	1.17882
-9.77432	-7.81989
-19.6979	-3.94795
-17.7057	-8.65603
-17.2311	-10.2787
-15.7208	-11.6782
-14.8885	-12.1884
-13.8231	-12.2653
-12.6026	-9.98737
-8.44488	-1.18036
-4.33089	-0.766148
-5.82313	1.41776
-9.83751	0.328097
-7.85917	1.19908
-13.3278	-3.90781
-7.99707	-4.58069
-15.7912	-6.80375
-17.1408	-9.03322
-8.19093	0.0857891
-9.34361	-5.79717
-10.2272	-10.9704
-9.19072	-12.1308
-9.1139	-11.8634
-8.20763	-11.074
-6.81362	-9.64371
-5.2704	-2.675
-5.70606	0.0396921
-7.72337	0.269511
-9.80896	-4.88678
-6.09287	-3.02699
-8.02532	-3.97052
-16.8551	-8.03596
-15.2259	-3.79219
-10.1523	-5.886
-16.1872	-7.94644
-18.305	-6.38292
-17.6034	-8.15375
-17.6452	-8.23354
-17.573	-8.56084
-16.1543	-7.42396
-14.9387	-4.64702
-14.6968	-6.23304
-16.1453	-5.2446
-16.5886	-3.91515
-15.3106	-3.22366
-13.5684	1.37122
-10.7269	3.96902
-11.4739	4.92674
-11.3747	4.46913
-10.6217	3.94828
-9.56517	3.46324
-10.0071	4.15223
-11.0458	5.77808
-9.87385	2.90517
-10.5519	3.84964
-9.67894	2.6395
-8.89102	1.80563
-8.50907	0.627307
-7.73337	-0.585163
-9.58322	-0.757373
-10.7303	-10.6867
-12.4272	-15.3572
-12.5174	-16.2627
-11.8719	-16.7635
-12.0143	-17.1284
-12.1062	-17.7101
-11.9875	-19.3937
-11.9518	-19.3804
-11.102	-18.9201
-9.05246	-16.5676
-6.76765	-10.4137
-5.9407	-5.51202
-6.92573	-1.83467
-4.59455	-0.993121
-7.68991	2.72383
-7.89292	0.873447
-5.3103	2.0861
-3.21248	5.74978
-8.42711	2.18912
-10.1118	3.35479
-12.8147	2.21097
-14.9993	2.8055
-12.9179	-0.167241
-11.0422	-2.42275
-10.3908	-4.98666
-11.8419	-6.62435
-13.0324	-11.0866
-14.2013	-11.9222
-16.4812	-10.3004
-16.5838	-9.60351
-17.238	-11.5022
-18.1795	-8.19664
-15.1223	-11.0456
-16.34	-11.5361
-15.8622	-11.3084
-16.5839	-12.5171
-17.4007	-11.1068
-18.3885	-9.96142
-19.4375	-10.5801
-16.9935	-12.587
-17.8478	-10.2184
-14.3673	-10.3161
-14.2552	-9.79949
-15.0769	-7.15536
-14.028	-5.84928
-16.5918	-3.70802
-17.8254	-2.52035
-19.2346	-1.68646
-18.4562	-1.31166
-19.5764	-0.51438
-21.3493	2.74448
-21.8383	4.75882
-18.8332	5.66564
-13.466	6.94078
-8.11009	6.85571
-7.66321	3.74029
-7.85634	4.42083
-4.89075	4.22545
-3.9477	2.71433
-3.17392	-0.122092
-2.26364	1.60794
-3.33622	7.09278
-0.445964	5.94053
-2.94111	1.4009
-6.61698	-1.59142
-10.7955	-4.39313
-8.95046	-8.00594
-7.34492	-8.53869
-8.08726	-5.44797
-7.14564	-4.33351
-7.14315	-4.41039
-5.97974	-1.94648
-8.54527	-0.852006
-1.61307	5.14511
0.715441	-5.66875
-4.55414	3.21765
-2.23963	1.51641
-5.00541	-0.91466
-7.08382	-0.761194
-10.5104	1.34968
-10.3997	-5.44315
-13.9465	1.73561
-7.52905	-5.86862
-4.71257	-0.95992
-4.86473	4.37585
-9.1608	0.331484
-8.11283	-5.92648
-9.37203	-9.72609
-9.267	-7.14066
-13.5759	-7.72921
-12.3044	1.34158
-11.9445	6.8272
-14.4611	0.10507
-14.5598	-2.15221
-12.4628	-2.7199
-13.7481	-1.61473
-12.6974	-4.16534
-14.8002	-8.01098
-11.6496	-0.566958
-7.78156	9.00963
-12.8791	3.57619
-13.6217	-8.95293
-16.2714	-5.0005
-16.8541	-4.84441
-20.7154	-3.31488
-22.478	-1.81732
-24.1738	-1.94242
-22.7431	-3.61272
-21.2747	-6.31234
-16.1442	-7.54573
-15.126	-2.07992
-11.6232	-2.0014
-10.312	0.520702
-9.77294	3.44257
-8.39925	1.96615
-10.4708	-7.64197
-10.1654	-5.91449
-10.3189	-6.43466
-10.2495	-5.80148
-9.71789	-6.63477
-8.71439	-7.68511
-9.1345	-5.60355
-7.26699	-2.68028
-3.27493	0.98222
0.672626	3.9225
-0.292169	1.11771
2.10619	-1.08864
0.745531	-1.39866
2.73785	1.20006
1.02475	6.60971
-7.79535	4.53556
-10.8841	0.023231
-11.6376	0.880087
-14.154	1.73763
-14.5936	-0.49149
-14.2099	1.45258
-14.6036	-1.82291
-13.9567	0.575717
-23.1833	-13.6282
-21.8172	-12.9145
-19.058	-8.29684
-20.3711	-16.6875
-12.3963	-2.84251
-11.8504	-0.662367
-6.27487	1.07543
-9.19023	-10.774
-9.49597	-8.92218
-8.49257	-9.4146
-6.00216	-8.49051
-6.50262	-5.01308
-6.23489	-1.68659
-4.75235	-3.55758
-4.28799	-3.4981
-2.05044	-2.25855
-3.62434	-1.15837
-4.65951	5.1696
-11.247	4.75112
-13.2445	4.20235
-10.1032	-16.465
-15.8554	-13.8355
-10.8194	-3.99631
-10.8029	-1.07982
-7.61818	1.8914
-7.72845	3.56491
-5.70448	8.15674
-3.5992	2.18489
-10.6668	-3.1537
-11.9627	-6.75604
-14.365	-4.45023
-17.4019	-6.14846
-17.179	-9.94655
-17.1648	-11.5187
-18.0037	-12.9443
-15.7507	-16.2505
-13.5521	-16.2481
-12.3079	-15.7221
-8.97779	-16.1751
-10.6835	-11.9673
-9.26508	-12.2381
-8.42832	-5.44792
-9.53884	-7.40341
-3.89953	-5.11781
-2.45276	-0.843201
-5.83375	1.54234
-9.21931	2.53366
-7.61093	2.68374
-4.54608	0.788711
-3.66932	3.33693
-7.22662	3.93591
-4.93912	2.3948
-10.7345	0.688466
-12.4147	-4.1214
-14.9646	-0.134925
-13.2826	0.0874634
-16.0648	-3.30017
-13.607	3.63276
-15.6844	-1.64356
-14.8171	-0.778268
-16.3071	2.63743
-19.7961	-1.98451
-18.6628	-1.7392
-15.5557	0.419252
-13.3481	-4.10423
-16.0819	-1.22447
-12.0491	2.05878
-14.7534	0.194084
-19.071	-1.28718
-14.6209	-0.197301
-14.874	0.0870342
-22.1336	-4.33371
-18.702	-0.577532
-16.7757	-1.75338
-15.7181	-2.22289
-20.5652	-5.26097
-19.1685	-7.83254
-23.0692	-8.91755
-27.105	-2.25523
-25.3533	-6.73453
-23.6968	-8.85788
-23.3465	-10.3306
-21.3369	-11.8771
-19.7721	-11.957
-20.1948	-11.7021
-20.9857	-11.1936
-22.618	-10.0035
-22.4873	-10.2871
-22.8023	-9.00244
-22.0074	-9.88113
-21.6853	-8.5381
-22.1742	-6.31621
-21.3221	-4.25027
-20.7207	-2.21389
-20.0228	-0.531136
-19.9005	0.671392
-15.3946	7.21692
-6.12596	-0.362316
-7.23132	-0.289984
-5.02848	-1.41189
-4.97423	1.04824
-8.93816	2.21234
-5.24262	-4.40855
-12.7578	-9.44614
-7.63859	-15.0225
-5.0619	-14.3181
-2.93596	-8.10609
-7.70955	-7.33296
-7.26309	-5.02469
-1.74926	-5.662
-1.78481	-7.79842
-6.5866	-4.93569
-5.07418	-5.35087
-5.31009	-5.64154
-2.54391	-4.77904
-2.58314	-4.35742
-2.27231	-7.41246
-1.21495	-5.14199
0.0754572	-5.03622
0.687701	-4.66971
-1.27152	-5.21465
-0.969152	-3.6556
-0.279914	-3.49622
-0.712377	-1.84372
-3.51407	1.24028
-0.248167	3.31528
-2.61701	1.67783
-5.53352	4.48268
-5.61909	2.70942
-10.8163	2.65579
-11.4804	-0.17551
-13.1471	0.671326
-13.1597	1.55693
-11.5551	0.948842
-10.4616	-0.0846149
-9.74805	0.551717
-7.44319	0.0148133
-5.0651	-0.211062
-4.66736	0.356475
-4.60871	0.615883
-2.11974	0.23601
-0.31524	0.129223
0.809927	-1.07222
0.105461	-2.19421
-1.06731	-1.98754
-1.7086	-1.7915
-4.34878	-0.960696
-10.6329	1.04673
-10.1187	-1.43625
-14.6675	-3.8284
-16.2818	-8.45334
-17.2117	-8.77588
-17.3003	-12.9563
-17.6007	-14.7873
-16.7437	-14.0221
-14.7762	-18.074
-13.7178	-19.7073
-16.1683	-14.6653
-11.1441	-18.5442
-8.21902	-19.226
-6.48229	-18.6001
-6.13223	-14.6867
-8.8917	-5.98577
-5.91284	-1.66314
-8.3681	4.31475
-9.01694	5.03485
-5.20598	7.33049
-6.52475	1.60005
-10.2649	-5.52857
-9.3927	-9.17622
-7.43557	-6.9854
-9.64211	-9.66873
-5.71012	-8.74665
-11.8548	-9.8653
-10.4248	-6.23261
-13.348	-4.31877
-13.1165	0.628699
-16.0328	-1.05331
-18.0854	-3.92134
-21.2233	-0.952125
-20.6392	-0.909823
-20.4141	-0.652111
-19.4662	0.550056
-17.363	1.05516
-15.1774	1.00842
-11.1573	0.765114
-8.70641	-0.231852
-6.8094	-3.03567
-6.46614	-3.09748
-4.84081	-0.351123
-1.99544	0.791846
-7.48063	4.61164
-9.2729	0.578187
-11.3803	-1.45115
-13.6498	-2.53785
-14.6453	-8.81812
-15.3865	-18.3039
-16.7839	-11.5892
-20.9235	-9.31924
-21.6151	-9.89506
-16.7665	-3.30723
-8.02786	-5.22759
-9.3487	-9.23275
-7.89373	-9.07991
-12.0442	-1.14205
-12.5163	1.87454
-11.6459	1.3225
-10.7352	0.826391
-11.7874	2.75899
-10.4282	2.49438
-8.81663	1.85007
-8.00318	0.704306
-11.6159	-1.75509
-15.8609	1.15119
-16.0021	0.109243
-16.031	0.406027
-15.2024	-0.223688
-14.8258	1.68181
-10.8122	-0.859354
-9.66237	-1.02822
-12.3295	1.394
-7.29764	0.302704
-6.97525	3.63963
-8.73418	4.61575
-6.58082	4.38978
-7.62603	6.34227
-7.52579	4.08089
-5.79197	6.43833
-8.73297	5.46712
-8.79677	2.50822
-14.1593	5.25057
-15.9718	-4.55487
-14.2314	0.116372
-17.1114	-2.9909
-14.192	0.0205575
-14.8315	3.57113
-12.3205	0.440329
-14.0623	0.900773
-15.7622	1.259
-10.5382	2.8869
-14.5554	0.946257
-12.7332	-0.991166
-13.3528	-0.672599
-16.037	-3.08817
-12.7025	-2.87521
-17.2744	0.393968
-15.4989	0.992511
-13.2734	0.918837
-14.8809	-2.26246
-15.7404	0.070096
-10.766	6.8948
-9.4649	6.59146
-3.49975	0.178864
-7.0821	4.09554
-5.33953	0.444949
-6.86234	1.78193
-9.52678	5.18838
-6.93218	5.19674
-14.4241	1.05446
-18.2712	-3.64215
-17.8425	-7.95815
-18.5393	-8.03245
-17.1159	-8.18404
-17.0305	-7.20333
-14.3569	-3.80053
-10.9637	-0.25538
-8.33104	-0.763651
-8.69468	1.46312
-6.76625	2.53957
-5.64	1.58141
-3.27231	3.06568
-1.60257	1.12305
-0.64501	0.801011
-2.22971	1.68031
-4.51404	3.55511
-5.09658	1.29755
-4.37759	2.22978
-5.12049	1.12516
-3.36027	7.16362
-6.30807	9.08039
-8.55908	7.96913
-13.1096	3.09476
-15.064	5.60277
-13.0005	4.05945
-11.824	-1.44299
-9.83275	-4.99044
-11.1941	-5.20408
-9.8374	-5.63125
-9.09119	-6.87941
-7.53979	-6.24713
-5.60337	-2.07625
-2.17346	-0.94099
-1.98807	4.11899
-4.0167	6.84368
-4.68986	-2.92653
-11.0496	-7.52636
-8.75951	-10.9959
-9.78618	-12.4705
-4.07846	-6.50742
-5.59556	-9.46307
-6.83127	-7.38746
-8.27243	-11.9956
-8.23172	-9.47097
-3.56285	-5.61107
-4.91281	-2.44648
-4.69459	4.92383
-3.84219	2.91977
-6.19469	1.16546
-8.4711	-2.02723
-9.5087	-3.59789
-10.4493	-5.9159
-11.8471	-6.75151
-13.5451	-6.92438
-15.4794	-7.1922
-16.2206	-7.55269
-17.2471	-7.97132
-17.3853	-6.69282
-17.4984	-7.47467
-17.8046	-7.31936
-17.5018	-5.79369
-16.7976	-6.8434
-18.0298	-5.50497
-17.7896	-7.34244
-18.3461	-8.94183
-19.2206	-8.86633
-19.3119	-10.0884
-19.3399	-11.151
-19.1883	-10.1589
-19.8584	-9.74619
-19.9063	-9.92507
-19.6708	-9.72759
-18.9298	-10.4854
-13.1221	-8.66619
-8.74193	-4.02314
-9.99693	-1.15812
-9.34127	-2.55037
-8.24689	0.262925
-2.43058	4.07744
-5.45714	-3.16738
-0.533985	-3.59185
-4.21954	-2.13037
-6.17705	-8.62043
-3.71504	-10.0244
-7.16947	-12.1501
-5.43325	-5.62116
-10.196	-6.81391
-14.7153	-7.11922
-15.915	-8.17642
-10.8212	-6.72766
-12.1878	-3.90794
-11.3553	-3.69483
-4.78298	-0.66065
-8.16677	-5.16462
-11.0754	-4.14897
-13.3006	-3.01317
-12.9944	-2.29263
-12.7885	-0.463626
-6.4662	6.07784
-7.53898	6.66034
-6.76248	5.90743
-6.08345	7.35061
-5.6581	6.31146
-5.23604	5.64922
-4.88436	5.59649
-3.28345	4.84864
-4.45377	5.13531
-4.38921	5.32592
-2.14101	4.16405
-0.404042	1.77785
-1.99038	4.87677
-3.883	5.61595
-4.69223	1.93105
-9.26785	0.200579
-10.6998	-0.76538
-11.0867	-0.907677
-10.0081	-1.69384
-11.3618	-0.551323
-11.4501	0.548794
-11.1437	2.09027
-11.2587	5.59014
-6.89882	6.27356
-3.98508	4.17188
-0.496357	4.74134
-4.73651	7.03137
-4.42341	7.35846
-7.81737	-0.0945606
-6.11829	-6.62932
-10.466	-8.83466
-4.45607	-12.657
-6.32252	-12.3351
-3.1886	-5.05438
-5.87741	-0.542326
-4.62768	-4.88818
-4.91704	2.00503
-5.02073	1.19774
-11.7047	-2.88476
-13.8161	-7.12028
-14.431	-8.7018
-17.1577	-5.48211
-18.4421	-3.8227
-16.8786	-4.6018
-14.9072	-3.87839
-11.1039	0.821916
-6.3318	-0.30369
-5.54791	3.67207
-10.7462	-1.62919
-11.7881	-2.28037
-17.0146	-4.08949
-16.5697	-6.38645
-9.39077	-0.732897
-8.70967	1.50955
-12.1958	-1.49853
-15.6414	2.34555
-15.1418	3.35168
-13.355	2.33053
-12.1781	4.25276
-5.17721	3.24793
-6.41806	3.9635
-7.89304	5.03035
-7.24192	3.62516
-8.72885	4.83288
-8.44218	4.43887
-6.94912	1.53234
-3.54808	-3.8766
-0.348082	-7.87191
1.51261	-9.16468
3.44838	-9.99316
3.54906	-9.99562
1.30544	-7.89108
-2.13999	-3.47605
-5.64141	-0.602958
-8.2853	-0.101511
-9.67552	0.67857
-11.2265	1.42837
-11.3202	0.351018
-12.6143	1.46949
-11.2052	8.7215
-7.38627	6.85642
-7.01074	6.61862
-7.64496	7.32364
-8.72194	8.63659
-8.37794	7.51908
-14.2534	6.50447
-18.7995	1.79643
-20.4449	-1.17041
-21.2752	-1.31481
-21.0492	-2.48322
-21.3921	-2.11427
-20.8781	-2.1893
-20.2623	-3.09686
-18.2331	-0.639911
-13.197	6.34302
-11.9133	8.35575
-10.8317	6.13884
-9.01069	4.45232
-5.56493	1.31063
-2.97021	3.88054
-2.23375	3.85305
-6.50109	5.1934
-9.53755	3.83292
-11.9884	-0.801142
-12.8117	0.865883
-9.87383	0.649573
-10.587	11.5926
-9.14912	3.66169
-5.99608	3.96856
-11.1143	3.03811
-3.83503	1.45075
-7.30182	3.4938
-5.46609	-2.04885
-3.2504	-3.44891
-2.78128	-4.35968
-3.67405	-4.14597
-4.0095	-3.09333
-5.49694	-1.84857
-2.82523	-0.376401
-5.49966	-1.70959
-3.85874	0.28542
-7.69983	-0.437094
-2.69262	-1.68978
-5.03189	-0.799948
-7.25763	0.847673
-8.56256	0.622819
-10.5153	4.23138
-9.97251	1.18849
-5.81331	7.38392
-6.71723	1.22712
-18.2582	-4.86934
-18.1455	-8.44029
-19.7895	-8.99916
-20.745	-7.80012
-22.1437	-5.63064
-21.1283	-6.1983
-19.7976	-6.36444
-15.167	-9.90014
-11.6257	-8.09728
-8.95709	-3.92803
-4.16593	-2.16871
-7.47883	-5.95438
-6.89488	-9.74488
-6.85394	-11.7955
-10.3766	-13.765
-7.61074	-14.4181
-8.41396	-10.9638
-6.28905	-16.0682
-8.36057	-11.2389
-6.04404	-7.98269
-14.6377	-9.48581
-12.2966	-1.25815
-9.87432	-7.88643
-14.1013	-9.8811
-18.2492	-11.2867
-22.0174	-7.47946
-21.6476	-8.30521
-20.5217	-7.3985
-15.7108	-10.5871
-13.1607	-14.117
-10.4095	-15.2743
-7.75961	-15.9289
-3.9229	-8.90149
-7.71107	-0.777516
-11.2574	0.0366565
-14.4446	-2.17649
-12.6789	-5.56468
-11.9538	-0.707314
-14.2464	-1.75928
-9.33222	2.73501
-6.74677	-3.43458
-7.59413	-11.727
-8.27607	-9.421
-9.56373	-7.10494
-9.57159	-5.81457
-9.16184	-2.42874
-8.86165	-1.63325
-8.1188	-1.89281
-7.40111	0.114172
-8.56041	0.336336
-7.35169	-0.386425
-6.90034	1.34834
-4.63807	0.160649
-5.87672	-0.068956
-4.67484	-0.538457
-8.16378	-2.67077
-7.07674	-3.26822
-7.56249	-3.34936
-8.67854	-1.69858
-6.00874	-1.04316
-4.76117	-1.31345
-8.57757	1.09768
-10.9865	1.97527
-11.802	1.9757
-12.133	1.2663
-12.0364	0.655656
-12.3774	0.168977
-12.9118	-0.536342
-12.1788	0.336008
-7.36499	-7.09223
-6.63995	-4.40646
-8.98248	-1.38218
-6.40817	-5.49746
-8.30315	-4.33788
-10.301	-2.55605
-9.86564	-0.0582282
-10.1195	2.59134
-4.85888	1.05191
-5.27276	2.34822
-5.09456	3.70398
-5.78141	2.1256
-7.30543	-0.387919
-5.96317	-2.30904
-7.56397	-4.32203
-7.78008	-6.68377
-10.3279	-10.9094
-6.7391	-4.81786
-4.99242	-7.66864
-8.6608	-7.50034
-6.79965	-7.03764
-7.01622	-7.8576
-7.88312	-6.72128
-12.4743	2.38498
-14.3677	3.02078
-14.8503	0.0685241
-15.3731	-1.51064
-13.2937	2.85248
-13.571	1.69342
-13.6057	-3.72042
-15.7294	-4.54508
-14.7368	-3.35601
-16.2445	-2.4949
-14.7581	-6.60177
-17.3705	-6.0173
-10.5377	-5.41722
-14.2148	-11.4402
-15.4855	-12.1598
-14.4581	-13.372
-16.5092	-9.04186
-12.0802	-2.78587
-7.65392	5.24722
-8.74294	6.27702
-8.98803	7.31083
-8.79874	8.69595
-10.0412	7.8775
-15.8924	-0.309058
-22.5811	-0.965553
-23.9693	1.01919
-21.9969	-1.29664
-23.1172	-0.127544
-24.6438	1.60001
-24.1937	0.540186
-22.2964	-0.862022
-21.3006	-1.67065
-20.6348	-1.30402
-20.0203	-0.732349
-16.8973	-1.80405
-15.3804	-1.82177
-13.2012	-3.27491
-11.1298	-1.21342
-5.51542	3.45267
-4.47645	-0.06327
-5.24016	-1.61417
-6.20784	3.37655
-7.53446	3.76572
-3.20841	0.0696484
-8.44616	-1.49583
-12.0231	3.16521
-16.5206	-5.04668
-14.9255	-6.41491
-14.0327	-10.884
-14.2414	-11.1191
-18.3351	-9.42034
-18.7733	-7.39266
-19.707	-7.9825
-19.1003	-7.6352
-17.9466	-9.26629
-17.5009	-8.08786
-15.6977	-6.6673
-12.9039	-4.02057
-9.17843	-2.9645
-6.47313	-2.03242
-5.1322	-1.14172
-9.52921	0.0080163
-7.81679	3.22362
-7.52412	4.25683
-7.74481	2.7694
-3.44975	1.44703
-3.69817	1.70146
-2.95866	0.947944
-1.51971	1.7505
-3.77296	4.32013
-3.18182	-5.66061
-5.76754	-8.52202
-7.65983	-7.18421
-7.5989	-4.00194
-4.14387	-5.30315
-5.38283	-8.65996
-2.28522	-2.25189
-4.52206	-0.222859
-3.23557	2.25674
-8.95671	0.862728
-11.1019	2.95423
-11.0316	2.45328
-14.5896	3.26305
-6.94254	4.8199
-3.83975	3.96769
-0.879301	0.537279
-1.68261	1.87472
-3.25527	1.45978
-5.88448	1.31521
-5.84141	3.87016
3.68045	1.60086
-7.0771	1.97203
-12.8605	0.120636
-14.4808	-2.29631
-17.9197	-3.51715
-17.9177	-4.96537
-19.7674	-5.24253
-20.519	-5.5292
-19.6361	-6.0153
-18.6537	-6.03983
-20.3288	-5.10886
-19.7712	-6.38538
-16.0255	-10.2224
-12.7982	-10.3142
-9.63991	-7.85584
-7.88133	-1.35666
-7.83219	2.22728
-9.12921	2.58228
-15.14	-3.97247
-12.9766	-3.51014
-17.2818	-5.4218
-17.295	-5.9603
-15.141	-8.38269
-14.2028	-1.44395
-19.4306	-8.52331
-19.6586	-10.2839
-20.347	-6.54312
-20.3346	-5.14005
-14.5461	-3.92398
-12.3751	-2.30163
-11.4369	-4.14655
-9.69882	-5.23538
-7.53888	2.66373
-12.3132	0.668869
-15.1812	-1.70151
-16.5462	-7.7716
-15.3857	-4.86233
-16.3448	-4.72131
-17.0288	-6.16956
-13.7654	-1.52077
-19.1041	-0.7731
-20.1954	-3.61992
-19.4671	-4.37374
-18.7597	-4.92418
-16.5685	2.92768
-13.3723	7.95704
-13.0366	9.00679
-12.5692	7.88965
-13.6091	6.79029
-16.0522	1.59478
-17.9253	-3.63328
-20.3331	-8.68487
-21.9959	-7.34588
-22.0877	-6.18148
-22.3266	-4.9521
-21.7766	-4.7559
-21.616	-4.02737
-21.5019	-2.47987
-18.762	-2.0064
-11.8265	5.08018
-11.1987	0.0645393
-13.8871	0.501769
-15.7804	2.5188
-20.3275	-3.42473
-19.3085	-4.38749
-16.1944	-4.41196
-10.0303	-8.71115
-2.18127	1.19809
-0.730407	-2.92199
2.57299	-0.970217
3.95078	-1.85902
3.20868	0.539039
2.80536	5.84986
1.80521	5.1221
-1.82493	5.37226
0.0959475	1.95817
-2.30699	1.50325
-4.36042	5.6208
-0.798485	5.28624
-2.06314	4.7955
-1.54364	5.18081
-0.884796	5.91262
-0.875464	5.08777
-2.68871	6.62995
-10.4654	1.90611
-11.5539	1.36348
-14.4553	0.907668
-19.0617	1.4194
-18.2896	-1.1497
-18.7802	-2.76109
-19.8973	-3.27489
-17.9152	-5.63832
-13.3649	-4.79644
-9.54973	1.36537
-6.45513	6.52712
-12.9543	3.53398
-14.6786	-2.64011
-12.6332	-2.83849
-15.5035	-2.3492
-13.4483	-5.83777
-14.7528	-7.46703
-16.0155	-5.82154
-16.5062	1.11224
-16.6554	2.31888
-15.3109	-4.66891
-9.41213	-0.76036
-11.4213	-7.16557
-11.6689	-6.72587
-7.43636	-0.861743
-6.84792	5.32432
-5.81649	6.9645
-7.22512	7.58481
-7.33171	7.33074
-7.70194	7.26185
-6.68391	6.87527
-6.85059	7.90663
-7.87893	7.33107
-7.76245	7.77466
-7.89596	7.79139
-6.79865	7.79112
-6.99555	9.15301
-7.27125	6.2597
-15.4445	-2.09225
-16.8071	-4.13989
-18.578	-4.07464
-20.6507	-2.67589
-21.8842	-1.92324
-21.1076	-1.60587
-17.9	-5.25052
-16.1882	-5.16271
-13.4988	-5.88174
-9.17079	-2.68992
-10.3969	-1.46208
-13.2602	-0.766626
-14.0695	-2.99296
-14.1338	-5.41885
-13.6906	-7.14792
-14.3659	-7.43844
-15.3214	-5.74847
-15.059	-6.95275
-11.6418	-8.96877
-7.20727	-6.56846
-3.12772	-5.02937
-3.03648	-3.79561
-2.62569	-8.98388
-4.83934	-14.4943
-4.65795	-7.20541
-7.69729	-8.58746
-11.6305	-10.3362
-9.64259	-14.5705
-9.17785	-9.81254
-12.9325	-1.94489
-12.8778	-5.52742
-14.5897	-12.1092
-15.4049	-10.9258
-17.4171	-10.1547
-19.9544	-8.23709
-19.7959	-9.29659
-17.9291	-9.80195
-6.77879	-5.05803
-4.63194	4.82434
-8.11246	5.53662
-7.31863	5.47334
-7.77213	-5.0474
-4.72563	-7.5271
-13.5597	-7.07269
-19.2406	-6.55482
-19.7584	-6.89427
-20.2274	-6.14451
-20.5585	-5.27131
-21.9215	-3.3674
-23.7521	-0.137189
-23.1768	1.25181
-22.5345	1.90686
-21.7341	2.56649
-21.5541	3.09416
-21.5452	5.29363
-20.1825	5.99823
-17.2025	2.54923
-16.4044	5.44607
-9.00436	2.51774
-13.4049	5.60307
-7.03241	4.10436
-10.7081	5.86951
-9.48403	1.6125
-9.14548	3.16679
-6.79644	2.55642
-4.56086	0.559212
-7.11604	1.72192
-5.40125	1.01938
-2.76252	8.11193
-7.30533	8.48046
-10.2153	9.01842
-9.71229	3.66081
-8.16819	3.39225
-21.9204	0.326629
-17.2843	-0.661759
-14.1397	4.7396
-15.0156	1.2405
-14.3498	-0.733887
-14.4926	0.596936
-16.1217	-1.34812
-13.8664	-2.07066
-13.6345	-0.443673
-15.5077	0.630306
-14.6328	0.660002
-15.5683	-4.78888
-16.9621	1.15308
-11.8921	-0.0468562
-13.9268	-2.35935
-10.481	3.53869
-12.2401	1.10748
-13.6997	3.87095
-14.9367	1.54572
-12.8859	0.585343
-8.57424	5.18882
-5.22995	-5.93791
-9.1418	-8.83096
-9.70263	-7.46435
-8.01488	-6.40888
-7.34382	-5.8211
-8.29959	-0.795477
-4.75097	-0.848486
-5.19453	-0.61657
-5.3292	0.0525684
-5.35341	1.07319
-5.43512	1.4517
-5.10655	0.953328
-6.03866	0.988371
-5.50015	0.573548
-4.53378	0.60253
-5.96613	-0.53151
-9.83409	-3.18482
-11.3215	-6.5362
-12.3747	-8.13374
-11.971	-8.90652
-11.6708	-6.36
-5.39912	-6.08101
0.979178	-0.362885
0.0339559	3.14467
-5.60972	-4.63668
-6.12058	-7.75437
-7.21389	-2.68696
-11.9059	-7.42711
-12.1488	-9.08968
-12.3278	-7.57716
-10.9445	-6.26869
-13.2593	-5.67484
-12.1783	0.107905
-21.3211	-1.73446
-21.783	-5.70136
-21.5469	-2.82895
-19.4427	-2.92963
-16.3217	-3.63834
-13.2847	-4.02837
-8.25	-5.54039
-2.02803	-6.11547
1.29138	-7.0005
4.26003	-6.14005
-6.11665	-1.13252
-7.98403	-0.575616
-5.17753	-1.85883
-6.38975	-0.213099
-2.02654	-0.268978
-2.35346	2.21767
-2.48802	3.84586
0.361078	3.13291
-2.65954	3.69796
-8.68968	2.19192
-8.85615	3.09382
-15.8034	-0.613672
-19.6596	-2.46635
-21.7286	-2.94865
-21.6738	-1.99208
-19.2756	-2.86743
-18.9236	-4.44347
-18.5111	-6.75683
-18.4856	-7.1255
-20.1463	-5.52039
-19.4617	-5.06352
-19.5465	-4.07937
-18.6891	-1.82181
-15.5282	-1.32575
-12.6576	-1.52011
-13.9751	0.577271
-10.9386	1.17109
-12.6443	1.4615
-17.715	-6.74507
-20.46	-16.9637
-17.9782	-8.21479
-14.338	-4.42495
-14.8339	0.962694
-12.8803	-2.22866
-6.17197	-5.43109
-12.2711	-4.27707
-15.1955	-0.305447
-14.0639	0.0960005
-14.1473	-1.69485
-13.8682	-4.03428
-13.1281	-4.43461
-12.4009	-5.91405
-12.6136	-6.29616
-13.4051	-4.66806
-13.7451	-2.56941
-7.70016	1.65398
-6.59757	4.16635
-5.86313	3.81719
-7.2598	6.15958
-7.9967	8.22428
-9.48037	9.06195
-9.35439	7.01475
-11.5782	-3.67092
-20.5797	0.744388
-19.8509	-0.59427
-20.253	-0.0770108
-19.931	0.233547
-17.9531	-1.06258
-17.1964	-0.403029
-8.61543	-1.3887
-3.49444	4.63548
-7.24609	-5.63533
-10.5801	-9.47177
-9.29427	-10.3754
-7.43763	-5.34062
-5.82735	-5.38559
-6.10975	-5.63227
-2.06759	-4.86943
-5.89368	-7.04663
-9.51654	-3.92912
-3.71687	5.91674
-7.60033	1.57507
-12.7184	0.468323
-15.3196	2.04684
-15.5621	0.423267
-16.7486	0.197815
-16.7516	-1.74728
-17.0366	-2.54054
-17.4156	-3.67038
-17.776	-4.46276
-19.8143	-3.57034
-20.9147	-2.75109
-22.0966	-2.5445
-21.7075	-4.00081
-22.0498	-5.12676
-21.5291	-7.77836
-19.8185	-8.98662
-17.9854	-7.03191
-9.40981	-0.204769
-7.67039	4.09604
-12.5986	2.32695
-13.559	-4.16633
-10.2035	-5.19226
-12.1523	-1.89494
-15.0359	-5.06688
-13.2364	-7.03173
-14.4572	-3.71204
-12.1614	-2.55824
-11.3929	-4.91153
-11.5096	-2.39414
-7.8696	-2.44887
-4.21986	-1.70656
-1.92801	4.75302
1.53183	3.59343
4.19376	-0.932808
4.73664	2.28313
6.10438	7.84888
6.33798	1.35887
6.8624	5.12981
7.25729	0.936691
8.26088	0.275111
5.226	-1.88726
6.2242	-2.76179
3.16206	-4.56666
1.23541	-4.23907
-0.466323	-2.94475
-2.84506	-4.27526
-5.50079	-4.79873
-9.37949	-1.8618
-10.725	-1.44566
-10.7435	-0.843053
-9.67315	-0.298516
-10.3625	1.04593
-7.95654	0.536088
-9.40818	1.75981
-8.3313	3.79299
-6.24987	5.49775
-8.79585	7.00494
-6.76858	12.3852
-9.58178	6.61622
-10.6442	6.41515
-12.3708	2.71575
-16.2291	1.16544
-14.6914	1.19974
-13.9511	2.30418
-14.744	0.628496
-14.484	-0.255009
-13.1784	-2.22403
-12.5937	2.21025
-13.6057	0.525069
-12.7095	2.64215
-13.7054	0.102426
-14.2016	-1.11898
-16.2021	0.92422
-13.3798	1.36515
-14.0838	1.45591
-13.1867	1.52332
-15.693	-0.193126
-13.9437	2.88651
-15.7378	0.26031
-15.084	0.182453
-15.6233	0.225414
-13.5407	3.55261
-7.24888	-0.0795702
-10.1189	-2.81674
-7.61639	-0.691926
-3.41042	7.77372
-4.56803	2.5551
-9.81299	-2.52076
-6.00418	-1.44537
-3.77443	-2.42385
-2.15045	-0.583968
-0.428618	-1.49226
0.686646	2.35173
-0.280929	-1.63265
-4.16528	-7.35843
-6.6532	-8.65205
-5.89048	-6.43981
-8.25846	-8.78384
-6.83717	-4.56909
-5.67289	1.75489
-5.55017	-0.113814
-6.49548	-2.14561
-8.46838	-2.49147
-8.56963	-1.31973
-8.18268	-0.87496
-8.68222	2.29378
-7.29651	3.01904
-5.78108	2.80122
-4.64722	2.87499
-6.36037	-0.821105
-6.41955	-0.486942
-7.4526	-0.141202
-6.35657	-1.58851
-6.47068	0.0664234
-4.53347	-2.34566
-4.17141	-1.63292
-4.6123	1.0003
-2.28315	-0.58838
-1.15374	1.34048
-0.77396	2.08664
0.767737	5.81346
-4.03257	7.56969
-7.20077	6.98924
-9.91702	4.1931
-11.9966	1.00788
-13.7266	-1.86467
-15.2844	-4.18371
-15.5914	-6.09714
-16.1247	-7.63792
-15.9557	-7.69434
-15.1122	-8.3207
-15.4491	-6.42154
-13.1335	-4.93018
-10.9379	-1.93865
-7.11944	2.3821
-9.00128	2.50571
-11.9525	3.12307
-8.78216	1.80678
-4.70983	-0.17368
-10.3106	-1.6314
-10.0056	-4.21462
-10.7317	-3.21074
-10.3841	-2.64359
-10.0694	-2.25403
-9.99119	-2.50621
-10.3477	-0.965089
-9.7189	-0.111488
-9.84047	1.9798
-8.32701	0.317322
-6.82801	-0.631088
-4.89806	-2.7413
-5.46303	-1.00455
-3.80886	-0.593662
-3.58051	-0.99787
-2.85639	1.48484
-6.07367	7.29026
-9.93387	3.56812
-13.8405	-0.623327
-9.36411	2.67525
-2.12387	1.97895
-7.28584	5.0473
-7.4211	0.341136
-8.66138	-2.95104
-12.5857	-0.317173
-13.7867	1.21773
-11.379	2.88019
-6.08024	2.96097
-8.11455	4.53247
-9.25677	5.93102
-9.73688	6.65148
-10.2678	7.94862
-10.098	7.76203
-10.3651	8.64073
-13.3056	8.41008
-18.4931	4.45339
-18.7035	1.18501
-17.9659	0.786599
-16.3095	0.804227
-14.0969	0.606799
-11.0961	-0.0773197
-7.80045	-2.47092
-5.68137	-2.69107
-3.10299	-3.56388
0.785297	-4.57296
1.3474	-1.59721
4.8541	-1.6493
5.42434	-1.37507
4.7032	-2.46255
5.177	-2.92319
5.14195	-4.2642
3.75508	-3.6162
2.67214	-3.90447
1.23311	-4.25832
-3.13178	-3.32141
-8.21342	-1.96797
-11.2946	-1.82707
-13.3992	-1.17083
-15.8838	-0.311156
-17.3469	0.00759069
-19.8137	-0.089056
-17.5421	4.79614
-10.3886	8.70062
-8.6243	6.17565
-6.84538	3.69859
-6.2289	4.71338
-3.45434	3.82434
-3.45061	8.36673
-2.02765	2.97016
-0.537144	7.93782
-3.15381	5.80487
-6.28821	6.75241
-7.72252	5.42801
-11.0598	5.54825
-12.8164	3.43678
-14.8669	-1.87345
-15.8831	-1.54622
-12.3577	0.318821
-7.80908	3.30336
-19.9341	-4.93802
-21.7406	-8.4176
-22.0083	-5.14025
-24.073	-3.71438
-21.72	-5.45298
-21.6792	-4.96091
-21.6061	-3.28413
-19.7582	-2.55727
-10.723	0.241123
-19.0008	-4.48637
-20.9753	-6.7039
-16.105	-3.26792
-14.7826	-3.60163
-14.933	-4.60764
-8.89858	-4.75036
-6.42193	-14.3705
-5.00912	-11.7574
-7.61415	-12.3987
-8.58849	-8.4781
-4.24714	-4.44058
-4.047	-6.26635
-13.2003	-5.94727
-9.84294	-3.43093
-7.77429	2.22061
-12.3384	1.48546
-15.0945	2.56083
-12.3196	0.366247
-13.6527	2.51093
-7.22608	1.08172
-8.19297	-10.0903
-7.40767	-12.8116
-7.53335	-10.9231
-6.12194	-9.04734
-3.41216	-9.39796
0.593596	-4.34595
3.49477	-3.23487
-2.02764	-4.94429
-3.71047	-7.31742
-5.94249	-12.0418
-2.62261	-11.5728
-4.36309	-13.8575
-3.81069	-9.51708
-8.83363	-12.7062
-8.62761	-13.6922
-6.98697	-5.8997
0.67193	4.1205
0.931948	2.24735
0.835827	-0.926815
-0.156283	-1.00191
0.473138	-2.1956
-0.0767983	-0.767648
-4.39157	2.42423
-5.91401	3.55274
-7.29839	5.52074
-9.79689	7.53587
-4.40879	3.45388
-4.70071	4.35855
-4.92271	4.87355
-4.11835	1.57823
-3.94336	3.58265
-1.89075	4.68199
-1.95297	6.3668
-1.08908	8.02954
-5.39404	3.67118
-7.16	3.92206
-12.8659	7.14145
-11.856	4.77387
-11.9685	4.39384
-10.64	2.33648
-7.84891	1.50714
-6.70395	0.841158
-4.87434	-1.82224
-9.89556	-5.38046
-14.1391	-1.06376
-20.2091	-6.49627
-12.5943	-4.84967
-16.5142	-6.4694
-14.9263	-1.97556
-13.6324	-1.51571
-13.2912	-0.325962
-13.7598	-3.93802
-10.6151	-5.22642
-11.7797	-4.36378
-8.19808	2.85001
-7.99971	2.02567
-6.43369	4.62958
-5.47462	-0.850627
-11.4825	-6.28857
-8.04832	-6.83378
-9.47797	-9.03559
-4.87316	-4.21572
-2.92938	-11.684
-4.7512	-11.0589
-7.86611	-10.9358
-4.18056	-10.8272
-4.34952	-10.7148
-6.28111	-15.4754
-8.47697	-12.524
-7.11711	-13.9895
-7.52396	-14.2951
-7.45192	-9.98449
-12.2984	-12.7463
-7.94449	-9.2388
-9.58141	-1.39306
-13.2852	-4.58002
-13.5558	1.11153
-11.3382	3.16344
-11.272	2.46396
-12.7026	-0.177421
-13.3702	2.24301
-12.159	3.13903
-9.22653	3.99596
-12.3892	-0.537278
-14.29	-1.17163
-12.3911	1.11408
-12.8893	1.49324
-13.3537	0.12595
-16.9155	3.96045
-16.7324	1.06674
-17.9207	-0.079825
-14.4937	1.70819
-17.1091	3.47451
-15.162	1.83401
-14.8369	4.0724
-17.1798	5.78926
-16.0621	-2.14792
-16.944	1.91274
-18.2666	-2.69015
-14.2196	1.18045
-14.729	3.51902
-14.5291	-3.89494
-18.0725	3.79162
-16.4277	1.14449
-16.5519	-11.4249
-14.3072	-3.46471
-8.81111	-9.63138
-7.89584	-8.89044
-11.106	-5.67415
-11.7634	-3.74979
-10.7267	4.2184
7.48275	-9.87582
9.26983	-10.3738
8.23345	-7.80179
9.89088	-10.4875
8.06811	-6.06738
7.90254	-7.11252
8.39682	-6.35653
8.73636	-3.59264
9.55899	-1.65817
8.8703	-5.44456
1.0592	6.95126
-3.7154	4.29482
-9.7472	4.25392
-9.30005	2.98708
-7.81825	5.89018
-9.33953	0.383008
-9.88245	-7.03049
-5.53472	-7.7636
4.56949	-3.43308
3.03017	-2.73873
-2.01821	-2.97015
-4.32302	-4.40096
-7.21945	-4.2584
-9.79018	-3.29409
-11.0957	-0.629344
-10.8285	-1.15505
-10.0553	-1.11388
-7.79923	-2.81104
-4.89563	-3.68392
-1.59062	-7.03908
1.03272	-11.7332
0.440742	-12.4474
-3.9178	-4.22557
-7.16752	0.499511
-7.3957	-0.69443
-4.53433	-2.95902
-5.0519	-1.51062
-2.64121	-2.99176
1.77355	-4.14895
2.83363	-5.97493
-2.05255	-3.95352
-7.15328	-1.98651
-8.85936	1.77932
-9.01479	2.8053
-12.1318	1.26951
-13.335	-2.01802
-14.3322	-3.29138
-14.8189	-4.60207
-13.0539	-7.41387
-11.5346	-6.94631
-9.63649	-3.38596
-7.40493	0.325975
-4.24627	-1.87367
-4.91289	-0.428356
-10.7503	-3.24011
-12.0649	-7.41374
-9.46252	-5.30147
-12.1944	-7.47439
-12.9729	-6.95691
-13.6955	-3.36816
-13.1003	2.58997
-15.4086	-0.368418
-18.1056	-5.20114
-19.7735	-6.71872
-22.3041	-3.74198
-22.2148	-3.16619
-21.3256	-1.51636
-17.8677	-1.39097
-11.6224	2.81167
-7.16336	1.18106
-5.78708	4.51358
-5.27551	3.9041
-5.19338	3.5504
-8.1922	6.24643
-9.07031	7.40912
-9.64401	7.15896
-8.6971	7.02559
-10.9884	10.0387
-10.8736	10.6928
-11.42	9.83471
-9.22744	5.54427
-11.9043	1.55156
-9.74447	1.8675
-7.00434	1.21482
-4.84385	-0.676844
-3.8894	-1.09239
-5.42833	1.94751
-6.74207	1.69355
-6.97538	3.36953
-5.50738	1.16773
-5.53299	1.19825
-3.55903	-0.108875
-2.44238	2.85696
0.636207	-4.92803
3.49145	-2.81416
1.47315	-3.11247
-0.363425	-2.20932
-6.00682	0.716437
-4.94211	1.69483
-2.61931	8.52798
-0.336993	1.74381
-12.091	-1.5437
-14.6245	-5.49796
-17.3119	-6.48545
-19.0776	-5.63317
-18.5124	-6.13729
-17.6114	-5.32933
-16.3443	-6.98606
-15.9415	-7.48135
-16.3199	-6.98589
-17.3918	-6.25976
-18.388	-5.22898
-19.2105	-4.23941
-19.9018	-4.36219
-21.03	-3.95605
-23.3613	-1.50301
-22.5582	-0.3534
-17.1681	-4.83283
-8.30501	-8.1283
-1.59437	-7.4721
1.50153	-3.96407
-3.34455	-7.89388
-6.35347	-11.8537
-7.89132	-12.9302
-11.1185	-4.88175
-9.31658	-2.74346
-7.45979	-1.03432
-7.6114	-1.80314
-14.018	-1.68644
-15.6724	3.49554
-14.9251	-3.60772
-18.9786	-6.22547
-23.7678	-1.77051
-21.504	-3.8049
-18.5747	-1.24585
-13.6065	7.43883
-14.422	8.49387
-13.7329	7.86893
-13.1679	8.20553
-11.0624	9.20567
-8.90597	8.18472
-6.8571	4.56886
-4.75086	3.3635
-4.55577	4.93544
-4.84049	6.08322
-6.31557	8.73559
-12.009	3.15791
-10.1329	-1.13802
-14.8153	-4.6222
-13.1024	-7.81742
-8.60783	-4.6756
-9.22443	6.38963
-9.51119	-1.8793
-2.30778	-0.0907278
-8.55366	-0.487516
-8.88142	-2.21943
-10.8771	-3.12319
-12.3262	-1.0494
-12.7685	0.235891
-12.4392	0.766541
-10.9258	0.905636
-10.5307	0.278807
-11.2671	1.04505
-11.1977	1.46654
-10.8769	0.828146
-11.6766	2.611
-11.5624	6.09187
-7.75672	3.94989
-6.39902	3.15476
-8.91857	5.51111
-7.24338	3.17013
-8.82983	5.83261
-8.7597	5.37208
-7.7481	1.98601
-1.86352	-3.47604
2.67984	-8.28491
3.31797	-9.44137
2.38088	-5.7971
2.18496	-5.90845
2.55752	-8.56242
3.82558	-6.32827
-0.320484	-2.59983
-1.32955	-3.05076
-1.75896	-3.87565
-1.19445	-4.75479
-3.30842	-9.03974
-3.15924	-8.23739
-4.27227	-12.6636
-4.09245	-10.1039
-3.91708	-5.28517
-4.41306	-6.34218
-6.11547	-3.7218
-5.7855	-0.583253
-4.47282	-6.63479
-6.74115	-7.41453
-6.50543	-9.33818
-5.06408	-6.06375
-5.79072	-1.31953
-5.40009	-3.65374
-5.31079	1.68182
-9.09498	-2.5318
-11.4255	2.0853
-11.9696	-6.86446
-12.7992	-0.490479
-12.5044	-2.11788
-12.7736	3.94996
-13.2987	2.31929
-14.3211	0.80152
-9.50191	1.4315
-8.40682	0.276588
-13.6514	3.27389
-14.9835	2.76421
-12.6247	-1.38735
-12.9026	2.11442
-12.7879	-2.67784
-15.7274	-0.826317
-13.7616	1.56015
-15.7727	-1.23107
-18.5226	3.02991
-15.7322	2.04057
-14.3102	4.66968
-11.4329	1.92123
-11.1219	-4.69269
-9.88344	-3.6824
-9.29589	-8.41344
-8.95461	-3.7168
-8.48956	-6.82553
-11.4377	-10.5385
-8.26395	-9.41296
-3.36562	-3.44519
3.13921	2.42855
2.36616	3.48967
0.670252	3.96972
2.5244	3.29815
4.97414	3.91658
3.5501	4.63342
6.11493	3.55515
4.52772	1.66529
4.87523	-0.848416
-0.787523	-1.68135
-2.51678	-2.63963
-6.22672	-8.50218
-7.38612	-7.69114
-7.72999	-8.82231
-11.4657	-11.8421
-10.8432	-4.05918
-16.3179	-3.44595
-12.4084	-6.28469
-7.80392	6.82543
-12.7702	-0.244464
-18.5862	-0.324811
-20.2092	-0.42112
-20.4105	-0.16466
-20.1057	-1.73151
-21.2973	-1.67253
-21.17	-1.86228
-21.3328	-1.53525
-21.6624	0.275678
-21.0055	0.747991
-20.9326	1.10396
-20.832	1.92789
-18.8015	2.76073
-17.9369	1.97196
-15.8986	1.67646
-12.9007	0.801799
-11.2146	1.30416
-10.8965	3.55729
-9.89695	2.62396
-8.93969	1.28236
-7.83157	-1.3994
-8.62955	1.39086
-9.46642	0.018674
-7.97179	-0.267591
-7.79308	-1.09787
-5.06666	-0.318821
-4.82745	2.97825
-4.76887	6.9485
-9.57164	-10.357
-5.73022	-5.89606
0.496702	-7.045
-4.48584	-10.4147
-4.57001	-14.7124
-5.25344	-12.3283
-7.98025	-14.1095
-4.93986	-11.765
-9.58263	-4.08581
-11.0851	-1.38738
-9.5618	-2.10712
-12.0649	-2.44576
-12.8375	2.07446
-14.8602	-2.72046
-12.1375	1.91854
-12.0952	1.57415
-13.7073	5.32259
-13.969	1.6607
-12.8023	2.65525
-17.9926	-3.99512
-10.8502	4.95465
-9.96328	5.05915
-9.06918	-3.83982
-11.7881	-7.04416
-10.7272	-5.25042
-10.735	-5.59851
-10.7115	-4.72898
-11.4604	-1.20079
-9.82465	4.94592
-8.23874	3.63649
-8.61583	4.54241
-9.127	4.70805
-9.1672	5.17003
-8.74295	4.72497
-8.35512	7.32288
-7.60664	7.52147
-9.13164	8.22563
-9.16688	9.82087
-9.53249	7.6809
-11.2333	9.96011
-11.2919	11.3757
-9.82077	10.5787
-13.4247	3.69114
-12.9089	-0.0783225
-10.8747	-0.0574554
-10.2657	-0.29773
-9.88195	-1.32622
-9.96614	-1.31662
-9.6197	-1.93981
-9.41163	-2.18568
-9.73232	-1.57283
-9.98155	-1.49078
-10.5607	-1.806
-11.8929	-1.15729
-11.6861	-0.135566
-13.6814	2.20673
-11.036	0.591631
-8.54424	-2.32754
-6.14687	-1.22324
-5.80397	1.23048
-3.5643	3.8987
-7.6368	-5.27846
-7.61658	-8.68665
-4.67655	-0.817338
-9.96616	-7.52716
-7.83552	-1.89631
-9.05716	-6.20977
-14.0317	-10.5806
-12.7597	-8.92962
-10.8998	-5.89836
-8.80903	-7.59245
-10.465	-10.1382
-14.9369	0.815837
-14.7256	2.79864
-15.4339	-2.35381
-15.4165	-1.12391
-12.5003	-1.8291
-15.2099	-3.4167
-14.2457	-2.44595
-17.7629	-2.34812
-14.1524	1.35276
-9.54864	1.23384
-3.2604	4.71504
-6.64306	7.31902
-3.0626	9.29434
2.00599	0.667406
-6.72611	2.59143
-9.84508	1.46144
-8.99418	-4.54016
-6.91339	-7.29421
-9.15737	-7.34495
-11.6646	-4.79128
-8.62976	-4.29638
-8.30605	-7.53877
-8.65983	-9.31953
-6.03569	-12.5944
-7.47203	-10.582
-6.3513	-8.42399
-6.39122	-2.84701
-3.36428	-0.512125
-1.08581	0.315099
0.455276	-0.487842
2.50665	-0.414431
2.10892	2.10562
3.54062	6.22351
-0.299798	4.96639
-3.1199	3.65656
-4.87084	3.05108
-1.57764	5.12431
-3.52869	6.09573
-4.21924	6.06568
-5.49823	4.35708
-2.47572	5.63521
-3.07596	2.33976
-3.94306	4.05417
-9.88804	-0.788665
-7.63204	-2.39391
0.0256885	1.69609
5.28968	0.467639
5.31569	-0.13575
5.92429	-0.991346
7.48932	-2.72977
7.63932	-2.48479
7.13277	-1.52365
7.57026	-1.37634
7.74188	-2.8099
7.83795	-2.62006
6.47776	-3.34537
5.53646	-2.39487
2.69085	-2.88705
0.647452	-3.7416
-1.78407	-3.72938
-4.35915	-3.20977
-7.55085	-2.94778
-8.71065	-3.70609
-11.5005	-3.19509
-13.4222	-2.74638
-16.6895	-0.845564
-14.3576	-4.81289
-15.4672	-2.4211
-15.3692	-0.762242
-15.6848	2.86972
-14.1955	0.538376
-10.0372	1.93221
-9.84736	4.36529
-7.16386	-3.77146
-10.1319	-4.85508
-8.46487	-4.49078
-12.8607	-1.93935
-10.2384	-1.20085
-10.6409	-2.42158
-9.91343	-5.01459
-8.99069	-3.24924
-9.46608	-5.77544
-11.7684	-8.1611
-8.87412	-7.96491
-8.16309	-9.01708
-7.01119	-4.21022
-8.83363	-3.32363
-9.62445	-4.88299
-12.0293	-3.31009
-15.378	-4.59616
-13.6196	-2.57493
-10.9715	-0.611894
-13.8879	-0.905729
-15.1534	2.15483
-12.6359	0.292579
-14.3223	-1.55087
-11.8399	-0.675681
-13.169	0.68119
-14.013	-0.468528
-13.9852	5.6887
-13.647	2.37638
-9.6868	-0.375084
-12.413	-1.65486
-12.2671	-1.48821
-8.16394	-1.03521
-10.0486	-4.92671
-9.39293	0.00884021
-2.41836	2.57368
-5.29958	1.80073
-7.43665	1.2696
-5.74615	-0.700056
-4.96371	-0.213048
-4.27803	-0.694931
-3.2345	-1.51745
-2.91197	-2.57345
-3.13961	-4.84564
-4.08942	-5.76847
-5.79417	-5.91037
-7.30679	-5.36361
-8.14319	-4.88685
-9.8097	-2.9032
-11.1637	-1.00855
-12.7316	0.137181
-13.3161	-0.305995
-13.6047	0.449619
-13.6097	0.776428
-12.739	-1.36297
-12.6798	-0.5358
-11.0712	-1.67787
-11.0849	-2.28711
-10.1055	-2.41129
-10.3469	-1.17597
-12.1757	-0.0792624
-15.9472	2.03892
-17.5376	1.68
-18.8112	1.13008
-16.0565	1.68432
-18.1881	0.695575
-19.9296	-0.0247236
-19.5314	-0.833001
-19.7388	-0.611545
-19.5503	-0.587559
-19.9058	-0.526138
-21.1631	1.02578
-21.1523	1.9347
-13.4313	6.61967
-10.4931	2.70158
-9.57515	0.595685
-8.53593	0.116966
-6.53576	-2.07796
-5.79724	-2.03128
-5.88822	3.04273
-3.93766	1.01307
-10.2043	-7.80667
-6.93331	-3.19948
-8.03469	-6.21671
-8.15547	-7.15012
-5.54147	-7.56242
-9.82904	-7.69163
-10.8453	-9.58494
-13.1533	2.25088
-10.8897	3.46592
-11.3648	-0.0846398
-19.9769	-3.95938
-22.2837	-5.34913
-21.0539	-4.99458
-22.3832	-5.31771
-21.8283	-5.60796
-20.9839	-6.28689
-20.3685	-6.43538
-19.6122	-7.84609
-18.8973	-8.97086
-17.0778	-6.9743
-12.4641	0.0828955
-12.3028	2.85038
-14.3854	-0.093101
-18.4511	-4.97556
-18.2797	-7.54547
-15.0405	-4.95946
-9.17546	-0.668485
-14.9307	-7.23497
-18.6771	-9.72039
-19.2817	-8.13703
-22.9634	-7.11069
-20.1477	-8.08685
-19.8628	-6.93
-20.9213	-5.24444
-16.1797	-2.75152
-10.8028	2.93774
-8.06174	0.437093
-9.50938	0.371192
-8.54962	1.76133
-4.05289	-4.1889
-2.46245	0.698069
0.554235	-2.78477
5.79375	-4.59101
3.38877	-5.66182
1.02336	-5.82463
-3.31772	-1.79631
-8.57364	0.0289343
-10.9769	-0.523524
-11.4149	-2.53174
-11.6519	-3.83978
-12.583	-1.66265
-14.0097	3.25342
-10.9281	4.44103
-11.8701	2.06518
-13.8102	-0.124009
-15.3724	-2.53881
-16.874	-5.10149
-18.0066	-6.05305
-21.7351	-3.09344
-20.7353	-4.80574
-20.652	-4.11119
-17.7652	-2.88668
-6.69305	3.68885
-6.80761	3.76934
-6.60868	2.44636
-5.73401	3.72113
-2.50425	-0.981483
-3.2241	0.828785
-6.2745	3.02045
-8.07027	4.26316
-9.65477	-4.48501
-14.1342	-7.93221
-16.4391	-6.62239
-11.7226	0.502246
-9.71852	-4.50526
-13.8763	-6.95438
-15.9784	-8.35847
-15.6268	-8.57345
-15.3974	-8.99269
-13.3061	-8.66947
-9.06893	-2.869
-3.03802	5.35645
-8.47368	4.08487
-11.2083	2.30659
-15.346	-4.24617
-12.3841	-4.73235
-17.6848	-5.28785
-12.6885	-2.68912
-8.3196	3.91478
-14.7249	-7.70231
-20.4522	-7.68021
-21.341	-7.44616
-20.9719	-8.30588
-18.9888	-8.10975
-18.1163	-5.6361
-16.7494	-4.53699
-16.0815	-3.98884
-15.5719	-2.88158
-15.2277	-0.252012
-12.8408	-0.737142
-11.3623	2.61314
-10.6661	3.14312
-7.58176	2.74498
-6.60318	3.89951
-3.94454	3.66241
-5.57338	4.17982
-3.1191	-0.798537
-1.76525	-8.30903
1.02108	-0.361261
-0.263586	1.03867
-1.75383	1.01919
5.45089	-2.05122
6.37229	-1.25004
7.11924	-0.498427
5.86267	-0.337102
6.15846	-2.58468
5.28217	-1.61624
5.82049	-2.38073
3.99748	-1.52367
3.3142	-1.73314
2.35165	-2.30508
-0.31148	-4.02807
-4.60252	-2.75697
-2.42628	-4.49559
-7.28935	-2.47733
-12.4867	-4.00592
-15.3819	-0.974324
-15.2504	-0.479331
-16.3425	1.61925
-17.9248	0.812451
-19.3633	-0.0857423
-21.4573	-1.79592
-17.5545	3.33179
-17.5615	1.15386
-19.4986	-0.264544
-17.5823	-5.69249
-21.8605	-1.87873
-19.7516	-4.17504
-15.7383	-0.0936421
-17.0583	0.70467
-14.0758	2.60473
-16.1233	0.47393
-14.7422	4.11693
-17.0646	-1.31321
-15.4213	-2.39873
-14.2539	-3.34757
-16.5138	1.23506
-14.7248	0.842686
-16.6772	-1.26437
-13.9173	-1.59939
-11.2724	2.0783
-14.8887	1.19949
-15.7941	-2.17447
-16.413	-0.240865
-12.8755	1.24033
-12.4842	-6.37857
-13.1517	-0.802252
-14.4904	-2.44137
-13.9749	1.94691
-12.5108	-0.282429
-14.8614	2.48752
-12.4458	-0.0893844
-7.77835	1.13204
-3.19882	-4.55274
-12.6951	-3.99135
-12.0692	-1.92293
-13.8177	-0.0625633
-9.52179	-5.39089
-17.2547	-6.1923
-21.3371	-4.24599
-20.7362	-6.42404
-20.681	-7.41314
-20.7288	-7.73025
-19.9173	-6.61445
-15.997	-6.75292
-11.0869	-4.50931
-1.77666	-4.74261
-5.03949	-2.71404
-7.78189	-13.111
-8.31998	-8.09699
-11.833	-9.94598
-13.628	-10.6147
-11.8012	-8.12154
-11.1776	-7.42386
-10.3667	-3.96494
-15.3719	-5.85732
-18.4174	-7.32582
-19.0454	-8.22186
-20.8465	-6.19764
-22.8302	-3.75019
-21.6207	-1.62489
-16.6869	-2.72341
-14.8639	-3.33695
-14.1678	-4.18932
-15.0012	-5.97363
-14.695	-6.83194
-12.5362	-5.87938
-7.39425	2.56744
-6.21604	0.710204
-9.74032	-0.703245
-11.8995	-0.296148
-9.67055	-1.92732
-4.98344	2.75492
-11.072	3.20884
-14.9124	-0.95612
-16.7698	-2.99978
-18.0479	-2.8793
-16.8992	-2.1728
-17.0551	-0.483302
-16.6002	-0.571111
-18.47	1.34313
-18.8632	-0.115624
-19.9581	-1.4293
-17.8437	-4.86864
-20.9105	-1.96618
-21.9375	-2.18714
-22.3354	-2.87279
-22.7508	-2.8969
-24.9086	0.748249
-20.9985	-2.05528
-18.629	-2.27211
-16.0623	-1.95279
-13.3014	-1.50214
-6.1802	-2.66542
-0.0164379	-4.20749
-2.21372	0.79311
-3.79658	-5.00662
-5.07385	-2.66327
-10.6437	-4.06077
-13.0286	-3.53199
-10.2034	-3.38782
-6.96508	3.53573
-8.10426	-2.75122
-12.3908	-5.60467
-10.2324	-8.14333
-11.2823	-7.7837
-14.4044	-3.94598
-14.3732	-0.875559
-8.77856	-4.45656
-4.83368	-5.03221
-6.41128	-6.14332
-5.02409	-5.61032
-5.93596	3.84619
-11.1189	3.13184
-8.59151	2.84139
-7.13681	2.48931
-12.2214	-0.963981
-15.9554	0.262838
-14.6544	-0.437794
-16.6584	-8.58193
-12.5559	1.49395
-8.85424	0.0464631
-14.3689	1.52017
-14.3244	-0.378813
-14.3593	0.521183
-14.0065	0.115345
-13.0287	1.00545
-10.168	1.01525
-7.23565	0.495863
-3.6966	3.11639
-3.12778	1.94715
-1.31638	7.61673
-0.0399396	5.62411
-6.8639	-0.205331
-10.9472	-5.03012
-11.5297	-3.35579
-5.70799	-4.61746
-6.0847	-3.65662
-1.99729	-2.89919
-2.64461	-2.84242
-10.1334	1.25296
-10.9832	-3.68192
-11.5905	-5.02186
-13.6664	-6.22119
-16.4394	-4.85812
-17.6213	-5.09618
-18.2163	-6.43074
-18.9521	-6.38767
-16.5491	-6.62092
-14.5652	-7.0565
-8.5106	0.87785
-5.78646	6.40509
-7.76299	-1.16983
-15.3357	-2.8399
-14.9034	-3.3606
-12.3132	-5.5237
-18.5171	-6.662
-18.3165	-5.92545
-7.91793	-1.4546
-7.50473	-3.26371
-12.563	4.34731
-12.4529	10.8783
-3.4223	4.24796
-11.8958	8.13966
-13.3496	2.43527
-14.1599	0.588271
-12.5369	-1.86527
-13.6499	0.843583
-13.0182	1.08218
-12.7962	2.20387
-14.1532	3.71824
-13.0355	3.52777
-13.1284	4.45916
-13.3297	3.80448
-14.4018	5.55198
-10.3164	7.87867
-10.2438	7.66967
-9.73315	5.01025
-9.28342	5.31484
-10.8481	4.85434
-11.5073	4.36527
-9.03014	4.68203
-3.77013	1.51517
0.574186	-4.28293
1.96896	-6.15771
1.58838	-6.99946
1.20426	-10.885
0.189972	-6.15416
2.57388	-6.21499
2.68299	-4.47758
1.54902	-4.06764
-1.17601	-1.15742
-1.43055	4.59788
-2.77749	-2.19206
-2.65662	-1.99012
-5.67859	-10.3493
-4.94475	-9.04584
-6.17776	-8.31602
-6.62315	-12.9936
-3.99129	-15.701
-5.59251	-8.02476
-7.99469	-11.3266
-8.69863	-11.2584
-9.55841	-14.0761
-6.42348	-8.95314
-4.58044	-6.50026
-3.78628	-6.2972
-8.72537	-10.7066
-9.27826	-8.47269
-11.1746	-8.93583
-9.88042	-5.95742
-8.47352	-5.77162
-13.8047	-4.92727
-16.348	-4.48466
-10.6143	-0.153205
-14.5513	2.13364
-15.9621	-5.35675
-15.4798	-1.10548
-15.7953	-1.46511
-15.0576	3.21332
-13.2255	-3.40191
-19.0575	-0.554184
-18.9075	2.23124
-15.0926	5.47977
-11.5612	6.1569
-10.9958	7.10947
-10.0709	7.33995
-8.49067	4.72031
-6.12672	1.95549
-6.28845	-0.165456
-7.82554	-0.622292
-15.5404	-0.0949971
-9.69549	1.66349
-22.4179	-3.96614
-16.4093	-9.48915
-13.3231	-10.4483
-20.4479	-6.52576
-22.1709	-4.02372
-22.4915	-4.27178
-21.6233	-6.58516
-23.5717	-3.17147
-21.2647	-3.88287
-19.0997	-3.33973
-17.4972	-0.844537
-11.7019	2.61126
-8.46478	7.45813
-8.23796	7.83552
-7.46206	6.98154
-7.99635	7.36982
-13.0941	2.2088
-16.6552	-1.56078
-17.9952	-5.88761
-19.3795	-5.35331
-18.0189	-7.79405
-17.6404	-8.99834
-15.9308	-10.45
-14.8379	-11.8887
-14.5268	-13.9357
-13.7109	-15.1003
-12.4332	-16.09
-11.8537	-15.8325
-11.5662	-15.3133
-11.6221	-15.6883
-12.1151	-14.7005
-12.3894	-11.9564
-11.5797	-11.228
-12.6566	-9.52037
-12.9762	-10.2206
-14.1868	-9.63617
-16.0743	-9.95961
-16.9935	-10.7761
-19.0508	-10.1017
-19.9052	-8.36797
-21.3815	-7.89496
-21.0713	-6.48739
-20.6224	-5.59061
-20.3245	-5.54432
-20.9053	-0.662741
-11.3402	4.52479
-9.7281	6.2715
-8.0725	7.11241
-8.04327	6.47536
-6.89303	5.4382
-7.38886	4.54505
-5.52097	3.56262
-4.80792	3.42096
-3.53331	2.32079
-3.15646	3.23597
-4.12991	5.16957
-10.4052	2.73535
-10.5375	-2.71371
-15.9898	-0.499065
-15.8324	-5.20137
-2.60774	-7.46329
2.12946	-6.99882
5.70803	-7.90923
-11.515	-6.71245
-17.8782	-5.14091
-19.9075	-4.20663
-19.881	-5.7588
-21.9616	-3.46819
-22.6152	-1.39354
-21.4948	-2.54072
-19.7253	0.815591
-11.9296	6.95622
-11.6844	6.81855
-11.1731	8.28091
-11.3136	8.42919
-16.939	6.30509
-21.8427	-2.32298
-24.3317	1.40838
-23.5847	3.05273
-19.8277	0.726213
-16.967	0.380764
-13.3867	2.23263
-8.29594	2.05844
-7.07174	0.693802
-8.19052	1.65548
-6.96264	3.95082
-9.2005	2.8724
-13.156	0.0635465
-15.6208	-1.8182
-7.10723	2.67506
-4.71073	3.62848
-9.57662	0.309659
-12.5777	0.193832
-13.9905	4.65555
-13.7199	7.9265
-6.55887	6.92003
-4.00132	4.72792
-4.94279	6.00745
-4.06031	7.5293
-3.95052	4.20932
-2.80514	2.93287
-3.58561	0.729214
-2.05047	3.52962
-3.06274	5.52385
-1.39934	2.62427
0.259299	4.54041
-2.17293	-1.25709
-4.84619	-6.96861
8.40564	-2.82685
8.33323	-0.647588
5.41283	7.32724
-3.55947	1.90259
-10.5273	3.97815
-14.15	2.0645
-15.9587	-0.211683
-11.9	-7.29718
-13.6022	-8.08438
-10.9886	-5.61951
-15.2228	-10.7134
-12.5401	-4.1591
-13.841	-9.81072
-10.6342	-9.48312
-16.0052	-10.8937
-11.1392	-7.35619
-8.99969	-5.64302
-8.29626	-1.31372
-8.59686	1.10859
-9.28617	0.159618
-11.6686	-5.02492
-16.0036	-3.19877
-13.8982	-1.87853
-12.7643	0.681853
-14.7316	0.651122
-15.2516	1.8877
-15.4892	-0.88994
-15.1702	1.88179
-22.3022	-9.12682
-20.2404	-6.25187
-16.3883	-6.27538
-15.6309	-3.41456
-14.871	-6.0095
-13.9943	0.18887
-14.4492	0.940173
-14.5459	0.904297
-15.2686	1.04903
-15.9814	0.810781
-16.8041	-1.20547
-14.6564	-5.1665
-13.3577	4.01969
-10.1851	2.24084
-16.3847	-0.155626
-15.3131	-1.4564
-14.4434	0.385583
-15.3602	0.229374
-13.7732	1.73316
-11.8636	3.37229
-15.3347	2.58451
-13.9547	-1.77848
-13.9307	1.00784
-10.1438	-0.824576
-8.51503	5.26601
-9.88599	-0.742309
-13.4107	1.15394
-18.7491	2.4396
-21.1196	1.41213
-22.0906	-0.174944
-22.4256	-2.08091
-21.5724	-5.09146
-20.8345	-6.815
-19.2926	-8.57859
-16.4718	-11.0364
-15.2444	-12.4607
-13.416	-12.8412
-12.1813	-10.9342
-9.9515	-12.1964
-9.43739	-10.0574
-8.81574	-9.36763
-8.37119	-6.43715
-6.70923	-5.99124
-6.04576	-4.85822
-6.31343	-4.86364
-6.42322	-2.23695
-6.03137	0.0156191
-5.88751	2.22616
-4.7003	3.52173
-2.30238	2.60596
-0.0111458	0.711038
1.91382	-0.513705
2.49806	-1.92056
2.15948	-2.39453
0.500427	-2.43094
-0.798241	-1.68552
-2.82225	0.0749641
-7.07655	2.15686
-10.6953	5.4457
-13.0315	8.32783
-11.1192	7.91723
-10.2436	5.70865
-8.75656	1.71758
-12.3879	2.42582
-6.27083	3.36197
-6.6018	3.96629
-4.54694	-0.0170193
-5.86004	2.32189
-8.76438	5.21051
-9.07152	4.12895
-13.862	2.02909
-19.8472	-0.851935
-19.7365	-1.00083
-19.9552	-1.68779
-20.2437	-1.44491
-18.859	-1.9597
-19.1533	-1.81657
-17.6732	-2.73428
-16.6148	-2.53941
-16.4192	-3.23322
-15.4176	-3.65376
-13.424	-4.45643
-9.73993	-6.25307
-4.73347	-5.50191
-2.96446	-1.78758
1.6823	-2.8084
-1.46205	-6.68777
-2.7594	-13.2826
-0.233496	-9.73774
-2.87647	-9.83552
-8.74034	-12.0889
-9.46374	-10.5562
-4.08149	-6.16894
-11.5389	-8.29598
-12.6221	-4.6715
-7.76669	-1.75097
-11.255	-1.31954
-8.79957	1.2945
-9.86128	3.00174
-9.48391	3.37172
-7.82051	2.02099
-8.55325	3.03793
-8.86162	4.20592
-6.44557	5.84391
-4.41152	1.73961
-3.13012	4.74029
-6.65621	2.75663
-8.24114	4.61524
-11.655	-2.44114
-5.44776	3.13941
-18.9574	-4.60308
-16.5448	-12.4388
-17.8091	-11.5758
-17.2523	-11.1161
-16.0024	-9.82789
-11.0912	-8.71444
-6.86074	-9.22328
-4.25843	-7.17146
-6.16155	-8.43194
-10.1943	-9.93228
-13.2597	-10.6986
-12.6388	-6.82701
-10.9627	-1.82747
-11.3103	3.39328
-10.9324	2.6456
-14.1793	-1.5426
-20.1722	-1.13142
-19.2178	-3.7977
-18.5993	-1.13039
-14.6568	0.228743
-11.0579	4.46127
-6.57064	6.61172
-7.85086	5.2563
-7.63519	4.62129
-10.076	-1.18005
-16.4317	-1.15835
-14.8947	0.913505
-13.1404	-3.84076
-15.7329	-5.75731
-13.2213	4.6751
-8.09112	2.18016
-10.7732	-0.460593
-13.0742	1.88725
-12.3706	0.687214
-12.0271	2.71124
-10.964	6.20532
-11.8296	6.54237
-10.7812	4.05588
-10.5026	3.16454
-9.00857	2.81229
-9.37633	3.55538
-9.17247	2.08401
-8.81144	1.61809
-5.38454	-2.70305
-1.67595	-5.37598
2.0253	-5.26315
0.88825	-1.25041
-4.28836	-6.28551
-1.30902	2.83025
-5.44101	-2.3331
-10.3564	-1.39379
-10.2598	-1.35402
-7.1744	3.83798
-1.97528	0.66606
-9.04898	0.72116
-12.1187	-0.602271
-15.6969	-0.569483
-17.0309	-2.19563
-17.4878	-3.77226
-17.5982	-5.48479
-17.5594	-6.82013
-15.4787	-8.53975
-14.0844	-7.24834
-6.80397	-6.18568
-1.5862	-0.206956
-4.81357	0.682168
-4.07868	-0.434593
-4.58192	-7.24888
-4.76396	-7.66576
-4.57538	-4.49925
-3.32815	-12.7827
-2.41573	-3.62471
-6.68722	-3.12617
-6.11759	-4.80164
-11.3675	3.64238
-10.5954	10.0396
-6.55129	-2.38676
-7.28994	-2.14063
-5.51652	-3.10556
-7.20243	-3.06341
-7.70467	-3.60313
-10.7337	-0.716181
-12.0622	1.74331
-14.6265	6.63093
-14.1991	5.61693
-17.3133	6.11715
-18.5149	5.11904
-19.9081	4.10382
-18.7833	1.21711
-19.3531	0.148869
-20.2748	-1.41923
-21.0499	-2.011
-22.3619	-2.04978
-23.4863	-1.84474
-23.4988	-2.86723
-22.4967	-4.05993
-23.9393	-2.88391
-19.1657	-5.78758
-16.2582	-5.94959
-11.1238	-4.36343
-10.4412	-7.63023
-7.69724	-4.48832
-6.08516	-4.53125
-10.0657	-5.86922
-9.8028	-6.88213
-10.6919	-1.12836
-8.5113	-0.79736
-6.52305	-2.32718
-6.92471	4.09344
-8.41096	3.70199
-10.9423	3.12126
-10.5569	3.57962
-12.9095	1.16085
-16.6626	5.76182
-14.2617	6.94765
-8.80883	-2.44346
-7.79595	-5.73363
-11.6201	-5.8057
-10.4954	-8.24632
-11.9261	-5.99903
-13.3247	-4.28316
-11.437	-1.95758
-7.93345	6.70663
-8.19606	7.82929
-8.20352	7.25645
-5.01046	5.78377
-8.89734	4.99251
-17.4272	-0.561457
-21.0264	-1.78468
-22.3011	-2.55793
-23.2526	-3.32019
-20.8314	-4.83107
-15.4368	-6.1013
-17.6075	-1.06799
-16.5963	1.59675
-11.8257	1.55007
-9.4051	1.44605
-9.12862	2.22055
-7.83828	4.90637
-11.3691	2.43435
-12.3063	-1.84456
-11.2457	2.45293
-12.8935	-1.24398
-12.1504	-7.92727
-12.6242	-10.3966
-14.9605	-8.60842
-17.6401	-7.48795
-17.4707	-9.11485
-16.005	-10.0316
-12.732	-8.29227
-8.75872	-4.31537
0.585012	-5.79238
0.759316	-4.71574
-0.618327	-6.50128
-6.04982	-5.90436
-3.99854	-3.40017
-3.43243	-0.0616517
-5.95926	-3.00112
-7.93983	-4.35966
-9.02881	-5.77032
-7.31781	-4.12359
-5.63344	3.18308
-4.53358	0.650721
-4.06403	2.62055
-4.71951	3.36688
-12.2988	-1.75746
-13.3717	-8.35004
-17.2671	-8.73818
-18.0053	-8.94733
-18.9471	-7.97388
-18.6714	-7.6638
-18.5122	-4.91446
-15.4001	-2.14193
-14.3746	-3.83326
-17.9303	-2.64649
-17.5266	-3.90217
-11.9103	-1.54129
-8.68007	2.4989
-8.37118	0.611817
-7.45115	2.86518
-8.52099	3.34721
-12.8087	1.3462
-9.93959	1.85859
-8.32542	4.66614
-3.88639	4.61114
-5.57833	-1.68084
-10.7834	-7.21451
-10.9772	-11.4957
-12.5574	-5.73761
-11.846	-2.8834
-6.12196	-3.58288
-3.90324	3.82033
-4.70342	7.11951
-4.12399	5.83239
-10.7887	-0.508974
-14.4551	-4.30103
-11.6637	-4.99644
-10.2855	0.0625243
-7.59061	5.15045
-13.9096	3.88894
-15.4964	3.88835
-13.8372	2.39589
-15.1056	3.65087
-13.8775	2.84606
-13.9193	4.1676
-13.0588	4.91542
-11.3701	6.73307
-7.9613	4.58981
-5.80424	2.37012
-6.39859	3.11353
-5.12302	2.4352
-2.40749	2.5584
-2.13901	1.69277
-6.58247	0.345701
-5.51556	-0.73253
-6.48762	-4.0395
-12.0925	-7.28716
-10.0395	-3.06827
-4.22955	1.79251
-9.11006	-4.10239
-10.272	-6.16832
-11.6987	-7.2371
-13.4019	-7.46691
-16.9943	-4.78554
-18.7614	-3.73274
-20.0831	-2.50667
-18.8684	-5.24594
-18.9131	-6.64623
-20.0176	-6.59218
-19.0464	-5.76207
-17.4709	-4.27217
-14.9606	-3.67595
-12.2705	-2.65313
-8.01293	-3.33948
-3.39719	-5.43105
-0.490231	-7.14397
-1.50858	-6.30664
-7.77755	4.93329
-8.17424	5.05441
-6.31839	3.18413
-6.56332	3.84778
-4.15796	3.74892
-0.524545	4.47762
-4.28776	1.42961
-7.67061	4.76745
-9.01776	1.23563
-13.6446	-7.36362
-15.3614	-2.65082
-10.1392	1.86362
-16.4829	-0.746392
-17.4808	-3.99392
-18.4367	-4.3238
-20.2464	-3.03906
-21.1298	-0.841284
-18.9132	-0.2868
-11.5565	-1.6694
-14.2788	-0.380373
-17.24	1.31303
-17.6871	-0.377273
-16.0786	-2.29874
-14.1219	-2.7403
-14.0237	-2.78895
-13.3567	-2.6681
-14.2123	-3.469
-13.8712	-6.03333
-15.5291	-7.25192
-18.0656	-6.93393
-19.3215	-7.07324
-20.0643	-6.20992
-19.8983	-5.17104
-20.0433	-2.11008
-18.7548	-0.151123
-19.2028	3.26914
-13.4607	6.80817
-8.60657	6.1092
-9.18128	5.96062
-8.38046	5.22141
-8.72125	3.84672
-3.74737	-3.84756
-1.67823	-8.30485
1.80093	-11.415
2.06647	-10.8242
2.97798	-11.4473
3.35044	-10.812
2.49764	-10.1297
-0.157283	-7.99669
-4.88089	-6.00149
-8.57302	-3.74312
-13.5158	-1.82571
-17.4876	-1.30853
-19.6394	-2.78691
-22.354	-2.1954
-22.8537	-0.319392
-18.2843	-0.571412
-17.0175	-1.31374
-12.8652	-6.58004
-16.8907	-2.15215
-16.3672	-4.90025
-18.4826	-7.33577
-18.9454	-8.25743
-19.5615	-8.08685
-18.0554	-9.85389
-16.6662	-10.5819
-14.0592	-10.3652
-12.7294	-9.04487
-12.1869	-5.56394
-10.8501	-2.57885
-11.8296	0.114122
-12.9827	3.18401
-8.74683	6.16914
-7.61422	6.40266
-5.83533	5.29502
-5.55989	6.07186
-5.90776	5.62356
-4.02504	4.39853
-2.12464	-1.48571
1.84496	-6.36521
3.81158	-8.22787
4.37993	-6.68101
2.89065	-4.79641
1.17868	-3.58268
-1.94281	-1.89499
-4.64373	-0.873653
-7.18876	0.0608543
-9.71036	1.07059
-10.7949	-0.304002
-8.35586	-3.64138
-1.40454	-1.73208
0.259275	0.827716
-3.54878	-5.67633
-1.91374	-7.23738
-5.36718	-5.75152
-6.90861	-5.43878
-10.7138	-8.91369
-10.379	-8.90545
-7.98772	-4.79047
-11.4624	-1.72873
-12.6125	-2.47196
-12.6474	-1.1613
-12.8763	2.06932
-7.31845	2.60665
-7.78754	-5.46865
-4.89363	-9.16227
-5.74879	-6.92186
-6.91905	-3.80851
-9.91812	2.14284
-6.00001	0.568201
-5.54938	3.63843
-3.32783	5.28067
-2.24689	7.41966
0.794738	5.66318
2.86023	2.66608
2.59383	1.47566
2.02233	0.201017
0.645692	-1.10177
-2.23033	-0.602999
-5.42787	1.22594
-8.17124	1.38838
-9.55276	1.09159
-10.156	-0.152421
-7.76926	-1.75756
-9.26582	0.114247
-7.12027	1.58168
-2.9067	1.55674
-5.49202	-0.893864
-11.6038	-1.2049
-11.3762	-2.97145
-10.8844	-0.186865
-13.5844	-6.86235
-2.8708	5.16271
-6.45547	1.59128
1.85592	2.09673
-1.14745	-1.994
2.7299	-5.85901
2.09548	-0.542996
2.68784	2.26658
-0.849781	5.64349
-13.8286	1.13305
-5.3013	0.823971
-10.3036	6.94091
-10.0006	4.54327
-12.8302	-1.3928
-13.718	-2.66143
-12.8679	-0.191127
-13.8845	1.98726
-13.87	3.6835
-18.25	-0.165399
-16.5592	4.93632
-12.0991	5.27983
-13.9634	2.45566
-16.2689	-0.397987
-14.0824	0.143459
-18.5403	1.47523
-18.3203	-2.5297
-22.8649	-1.04317
-19.5629	1.22853
-20.6857	-1.77662
-17.2124	-4.10192
-16.3261	-1.66869
-15.5743	-0.38593
-17.6706	2.36909
-12.1011	-0.839129
-15.5761	-2.72836
-15.1458	2.63873
-17.5311	-0.151489
-12.3361	1.35791
